[0.99993992, 0.0026732478, -0.010626714, -0.057727795;
 -0.002586487, 0.99996352, 0.0081693372, -0.033318516;
 0.010648117, -0.0081413519, 0.99991024, -0.08435066;
 0, 0, 0, 1]
[0.99993372, 0.0032033834, -0.011039007, -0.060258854;
 -0.0031111417, 0.99996012, 0.0083554136, -0.024539942;
 0.011065313, -0.0083204471, 0.99990422, -0.087371878;
 0, 0, 0, 1]
[0.99991888, 0.0031797267, -0.012324102, -0.05548824;
 -0.0030975295, 0.99997246, 0.0066856002, -0.0086512053;
 0.012344993, -0.0066468231, 0.99990171, -0.052499212;
 0, 0, 0, 1]
[0.99992007, 0.0030452516, -0.012286922, -0.057489838;
 -0.0029539287, 0.99996811, 0.007444771, -0.019008417;
 0.012309117, -0.0074078292, 0.99989706, -0.063374437;
 0, 0, 0, 1]
[0.99991918, 0.0035005072, -0.012197978, -0.059363768;
 -0.0034046471, 0.99996287, 0.0078663472, -0.013824649;
 0.012225268, -0.0078241052, 0.99989432, -0.071955331;
 0, 0, 0, 1]
[0.99997544, 0.0014252322, -0.006891604, -0.033223633;
 -0.0013940324, 0.99998891, 0.0045243576, -0.019933015;
 0.0068980563, -0.0045145815, 0.99996614, -0.040189803;
 0, 0, 0, 1]
[0.99996382, 0.0023111198, -0.0081991265, -0.041351493;
 -0.0022639779, 0.99998122, 0.0057448288, -0.014633569;
 0.0082123075, -0.0057260902, 0.99994999, -0.055236183;
 0, 0, 0, 1]
[0.99995434, 0.0024670521, -0.0093068182, -0.047412608;
 -0.0024025517, 0.99997336, 0.0069256676, -0.023842232;
 0.0093237553, -0.006902949, 0.99993294, -0.067321762;
 0, 0, 0, 1]
[0.99994338, 0.0031506554, -0.010180174, -0.052649792;
 -0.0030728742, 0.99996608, 0.0076494669, -0.017538797;
 0.010204024, -0.0076177279, 0.99991912, -0.07626345;
 0, 0, 0, 1]
[0.99993443, 0.0036614246, -0.010845139, -0.056515764;
 -0.0035727455, 0.99996024, 0.0081812944, -0.012751335;
 0.010874476, -0.0081419675, 0.99990797, -0.082672052;
 0, 0, 0, 1]
[0.99992979, 0.0034706385, -0.011338715, -0.058682833;
 -0.0033716429, 0.99995643, 0.0087274257, -0.022428732;
 0.011368544, -0.00868857, 0.99989766, -0.087096944;
 0, 0, 0, 1]
[0.9999249, 0.0038560904, -0.011660361, -0.060569458;
 -0.0037522393, 0.99995333, 0.0089105982, -0.01652687;
 0.011694068, -0.0088661853, 0.99989265, -0.089660421;
 0, 0, 0, 1]
[0.99991477, 0.0031595447, -0.012651434, -0.07950329;
 -0.003073368, 0.99997151, 0.006822797, -0.012786424;
 0.01267265, -0.0067833345, 0.99989659, -0.12257041;
 0, 0, 0, 1]
[0.99991643, 0.0030373449, -0.01255827, -0.074709669;
 -0.0029418508, 0.99996644, 0.007613834, -0.022551941;
 0.012581147, -0.0075762193, 0.99989194, -0.11457291;
 0, 0, 0, 1]
[0.99991703, 0.0035011775, -0.012411314, -0.070929438;
 -0.0034015132, 0.99996185, 0.0080422116, -0.016686253;
 0.012439007, -0.0079993233, 0.9998908, -0.10713507;
 0, 0, 0, 1]
[0.99991947, 0.0032928013, -0.012270943, -0.067125045;
 -0.0031881365, 0.99995863, 0.0085321004, -0.025377495;
 0.012298788, -0.0084922789, 0.99988848, -0.10083739;
 0, 0, 0, 1]
[0.9999218, 0.0031312248, -0.012131425, -0.064043716;
 -0.0030235627, 0.99995619, 0.0088784155, -0.031748585;
 0.012159016, -0.008841061, 0.99988675, -0.095740318;
 0, 0, 0, 1]
[0.99992174, 0.0035612269, -0.011988818, -0.062188938;
 -0.0034544212, 0.9999541, 0.0089217275, -0.023022594;
 0.012020151, -0.0088796001, 0.99988836, -0.09156771;
 0, 0, 0, 1]
[0.99991232, 0.0032894937, -0.012842485, -0.054245546;
 -0.0031952825, 0.99996841, 0.0073501854, -0.018165279;
 0.012866118, -0.0073085395, 0.99989104, -0.051716875;
 0, 0, 0, 1]
[0.9999733, 0.0012590655, -0.0072809281, -0.027627425;
 -0.0012292386, 0.99999112, 0.0040848604, -0.022611707;
 0.0072860373, -0.0040758001, 0.99996555, -0.021252817;
 0, 0, 0, 1]
[0.99996245, 0.0021843081, -0.0083955266, -0.035979826;
 -0.0021390575, 0.99998313, 0.0053900024, -0.016004946;
 0.008407291, -0.0053718183, 0.99995029, -0.038651578;
 0, 0, 0, 1]
[0.99995238, 0.0029249319, -0.0093543949, -0.043137304;
 -0.002864399, 0.99997503, 0.0064668292, -0.011148034;
 0.0093731321, -0.0064397007, 0.99993533, -0.053337667;
 0, 0, 0, 1]
[0.99994248, 0.0034897437, -0.010137754, -0.048974499;
 -0.0034156316, 0.99996716, 0.0073141665, -0.0077806977;
 0.010163059, -0.0072790789, 0.99992192, -0.065187208;
 0, 0, 0, 1]
[0.99993461, 0.0038979966, -0.010750558, -0.053508073;
 -0.0038127634, 0.99996126, 0.007949518, -0.0056182183;
 0.010780955, -0.0079080202, 0.99991077, -0.074320637;
 0, 0, 0, 1]
[0.9999299, 0.0037795482, -0.011229023, -0.056598742;
 -0.0036859589, 0.99995834, 0.0083476175, -0.0066210264;
 0.011259842, -0.0083055776, 0.99990273, -0.08125823;
 0, 0, 0, 1]
[0.99997824, 0.0021923613, -0.0063308743, -0.032255176;
 -0.0021618532, 0.99998659, 0.0048131137, -0.0022035865;
 0.0063412539, -0.0047993576, 0.99996895, -0.047338374;
 0, 0, 0, 1]
[0.99996442, 0.0028759656, -0.0079467539, -0.041084576;
 -0.0028279638, 0.99997789, 0.0060401377, -0.0025051609;
 0.0079638502, -0.0060174563, 0.99995041, -0.06057981;
 0, 0, 0, 1]
[0.99999183, 0.0010034171, -0.0040591797, -0.020857075;
 -0.00098970335, 0.99999404, 0.0033650456, -0.012935173;
 0.004062294, -0.0033610135, 0.99998653, -0.032696906;
 0, 0, 0, 1]
[0.99999934, -0.00034759284, -0.0012823942, -0.0063351584;
 0.00034943729, 0.99999881, 0.0014498126, -0.020822834;
 0.00128179, -0.0014502668, 0.99999857, -0.01245448;
 0, 0, 0, 1]
[0.99998903, 0.0011151007, -0.0046261367, -0.023861276;
 -0.0010974461, 0.99999231, 0.0037908915, -0.016616171;
 0.004630405, -0.0037857459, 0.99998248, -0.037083682;
 0, 0, 0, 1]
[0.99997228, 0.0024243272, -0.0070720422, 0.016619757;
 -0.0023864785, 0.99998295, 0.0053498009, 0.0058393162;
 0.0070848698, -0.0053327228, 0.99996096, 0.018125407;
 0, 0, 0, 1]
[0.99995279, 0.0032744682, -0.0091578532, -0.0086354297;
 -0.0032117728, 0.99997145, 0.0068443161, 0.0032880022;
 0.0091799526, -0.0068144822, 0.99993467, -0.016657697;
 0, 0, 0, 1]
[0.99993747, 0.0033308042, -0.010684487, -0.028119221;
 -0.0032442708, 0.99996161, 0.0081085684, -0.012292912;
 0.010711172, -0.0080733569, 0.99991018, -0.044201765;
 0, 0, 0, 1]
[0.99992549, 0.0033331267, -0.011726012, -0.042839829;
 -0.00322805, 0.99995446, 0.0089736786, -0.024058092;
 0.011755156, -0.0089350967, 0.99989104, -0.064938001;
 0, 0, 0, 1]
[0.99991816, 0.0033013418, -0.012376588, -0.053384323;
 -0.0031836363, 0.99995017, 0.0095201796, -0.032488395;
 0.012407321, -0.0094799818, 0.99987829, -0.079694331;
 0, 0, 0, 1]
[0.99991387, 0.0032500499, -0.012730754, -0.06044979;
 -0.0031250555, 0.99994725, 0.009822608, -0.038134091;
 0.01276189, -0.0097819772, 0.99987078, -0.089540511;
 0, 0, 0, 1]
[0.99991006, 0.0037402262, -0.012851816, -0.065291263;
 -0.0036149337, 0.99994576, 0.0097640883, -0.028449049;
 0.012887295, -0.0097167352, 0.99986982, -0.095362082;
 0, 0, 0, 1]
[0.99996883, 0.002210289, -0.0076150051, -0.041135509;
 -0.002166223, 0.99998111, 0.0057817828, -0.017378002;
 0.0076276832, -0.0057650628, 0.99995434, -0.059778318;
 0, 0, 0, 1]
[0.99995619, 0.0029337506, -0.008916161, -0.049387492;
 -0.0028744219, 0.99997365, 0.0066515803, -0.012275468;
 0.0089355418, -0.0066256388, 0.99993819, -0.071037158;
 0, 0, 0, 1]
[0.999946, 0.0029365446, -0.0099647073, -0.054892894;
 -0.0028614728, 0.99996722, 0.0075378455, -0.021798328;
 0.0099865682, -0.0075088711, 0.9999218, -0.079458758;
 0, 0, 0, 1]
[0.99998432, 0.0010763474, -0.0055479119, -0.031881738;
 -0.0010520308, 0.99999022, 0.0043738866, -0.025713794;
 0.0055523715, -0.0043679448, 0.99997538, -0.046870083;
 0, 0, 0, 1]
[0.99997014, 0.0021228075, -0.0075199078, -0.042031877;
 -0.0020798373, 0.999982, 0.0057104505, -0.018604917;
 0.0075319116, -0.0056946087, 0.99995571, -0.060876925;
 0, 0, 0, 1]
[0.99999213, 0.0010909098, -0.0038826021, -0.023074413;
 -0.0010793811, 0.99999523, 0.0029461414, -0.0099551613;
 0.0038856464, -0.0029418934, 0.9999885, -0.033261739;
 0, 0, 0, 1]
[0.99997765, 0.001652209, -0.0064932052, -0.035518356;
 -0.0016197291, 0.99998593, 0.0049845916, -0.020100169;
 0.0065013696, -0.0049738451, 0.99996656, -0.051754575;
 0, 0, 0, 1]
[0.99995935, 0.0028148987, -0.0085505378, -0.046008542;
 -0.0027620387, 0.99997669, 0.006174075, -0.0037863152;
 0.0085675707, -0.006150174, 0.99994451, -0.06616769;
 0, 0, 0, 1]
[0.99994308, 0.0035266972, -0.010085193, -0.053492025;
 -0.0034530296, 0.9999674, 0.0073073739, -0.0027351924;
 0.010110391, -0.0072721173, 0.99992287, -0.076656602;
 0, 0, 0, 1]
[0.99992973, 0.004025795, -0.011172912, -0.05871319;
 -0.0039351662, 0.99995929, 0.0081255604, -0.0024303445;
 0.011205124, -0.0080810068, 0.99990493, -0.084058739;
 0, 0, 0, 1]
[0.99992013, 0.0043506022, -0.011895795, -0.062095877;
 -0.0042475015, 0.99995345, 0.0086780973, -0.0026269022;
 0.01193293, -0.0086268261, 0.99989188, -0.088866293;
 0, 0, 0, 1]
[0.99991357, 0.0045383954, -0.012328465, -0.064040788;
 -0.0044273576, 0.99994957, 0.0090165483, -0.0031219616;
 0.012368491, -0.0089611439, 0.99988353, -0.091630787;
 0, 0, 0, 1]
[0.99991268, 0.0040737926, -0.012561881, -0.064403675;
 -0.0039560231, 0.99994791, 0.0093775326, -0.016899755;
 0.01259934, -0.0093269795, 0.99987715, -0.093055397;
 0, 0, 0, 1]
[0.99991095, 0.004238727, -0.012619786, -0.064695656;
 -0.0041203257, 0.99994743, 0.0093921302, -0.014029233;
 0.012658624, -0.0093392152, 0.99987608, -0.09326186;
 0, 0, 0, 1]
[0.99997038, 0.0024637298, -0.0073653357, -0.037711523;
 -0.0024233256, 0.99998236, 0.0054831253, -0.0084103178;
 0.0073787211, -0.0054650544, 0.99995834, -0.05437975;
 0, 0, 0, 1]
[0.99999309, 0.0011587548, -0.003467608, -0.017677283;
 -0.0011498304, 0.99999624, 0.0025870011, -0.0041970666;
 0.0034705286, -0.0025830767, 0.9999904, -0.025480259;
 0, 0, 0, 1]
[0.99998111, 0.001542375, -0.0059435382, -0.029870525;
 -0.0015151189, 0.99998844, 0.0045757284, -0.017607581;
 0.005950517, -0.0045665987, 0.99997193, -0.043788824;
 0, 0, 0, 1]
[0.99996656, 0.0018947428, -0.0079630045, -0.03984822;
 -0.0018455269, 0.99997914, 0.0061806166, -0.027581058;
 0.0079745455, -0.0061656842, 0.99994934, -0.058710545;
 0, 0, 0, 1]
[0.99995214, 0.0021988398, -0.0095327767, -0.047636084;
 -0.0021281838, 0.99997026, 0.0074150451, -0.034594338;
 0.0095489044, -0.0073943697, 0.99992704, -0.070306666;
 0, 0, 0, 1]
[0.99993968, 0.0024477416, -0.010691582, -0.0534201;
 -0.0023588557, 0.99996245, 0.0083176922, -0.039183386;
 0.010711564, -0.0082919523, 0.99990833, -0.078882262;
 0, 0, 0, 1]
[0.99993068, 0.0026416853, -0.011500462, -0.057480689;
 -0.0025388913, 0.99995697, 0.0089387596, -0.041869864;
 0.011523577, -0.0089088837, 0.9998942, -0.084864363;
 0, 0, 0, 1]
[0.99992406, 0.002785559, -0.012021856, -0.060127854;
 -0.0026733822, 0.99995303, 0.0093344906, -0.043152541;
 0.012047289, -0.0093016569, 0.99988437, -0.088710487;
 0, 0, 0, 1]
[0.99997467, 0.0010205518, -0.007098035, -0.034901205;
 -0.00097995542, 0.99998337, 0.0057149101, -0.040169548;
 0.0071039256, -0.0057077892, 0.99995852, -0.05251886;
 0, 0, 0, 1]
[0.9999944, -0.00026074398, -0.0034310501, -0.016109513;
 0.00027114776, 0.99999547, 0.0030200281, -0.037418269;
 0.0034301679, -0.0030209061, 0.99998987, -0.025542507;
 0, 0, 0, 1]
[0.99998105, 0.0012451864, -0.0060475916, -0.030173672;
 -0.0012163873, 0.99998808, 0.0047480259, -0.025180679;
 0.0060533751, -0.0047404706, 0.9999705, -0.044768542;
 0, 0, 0, 1]
[0.99996513, 0.001880439, -0.0081521412, -0.040873941;
 -0.0018287579, 0.9999783, 0.0063317954, -0.029163174;
 0.0081637921, -0.0063166241, 0.99994689, -0.060302142;
 0, 0, 0, 1]
[0.99998933, 0.00050941162, -0.0045442577, -0.022260688;
 -0.00049252121, 0.99999291, 0.0037080273, -0.029000284;
 0.0045461217, -0.0037057018, 0.99998277, -0.033752266;
 0, 0, 0, 1]
[0.99997377, 0.0013553614, -0.007119868, -0.035421386;
 -0.0013153217, 0.99998319, 0.0056194048, -0.03219128;
 0.0071274587, -0.005609862, 0.99995911, -0.052764822;
 0, 0, 0, 1]
[0.99995512, 0.0025647504, -0.0090945605, -0.046098683;
 -0.0025019045, 0.99997294, 0.0069121956, -0.021424294;
 0.0091118496, -0.0068890131, 0.99993473, -0.067260817;
 0, 0, 0, 1]
[0.99993873, 0.0034559451, -0.010538804, -0.053921618;
 -0.0033731046, 0.99996358, 0.0078633996, -0.013503076;
 0.010565531, -0.0078273267, 0.99991393, -0.077881046;
 0, 0, 0, 1]
[0.99992687, 0.0035222115, -0.011550363, -0.058796778;
 -0.0034218198, 0.99995637, 0.0086997403, -0.021142;
 0.011580447, -0.0086595817, 0.99989563, -0.085357942;
 0, 0, 0, 1]
[0.99990737, 0.0034776507, -0.013153235, -0.055819839;
 -0.0033791915, 0.99996614, 0.0075008487, -0.015960122;
 0.013178732, -0.0074556908, 0.99988532, -0.053240184;
 0, 0, 0, 1]
[0.99990445, 0.0039860494, -0.013243854, -0.059652515;
 -0.0038786407, 0.99995971, 0.0081194416, -0.010423904;
 0.013275824, -0.0080672381, 0.99987948, -0.06577944;
 0, 0, 0, 1]
[0.99996501, 0.0024510087, -0.0079591582, -0.035207652;
 -0.0024137355, 0.99998611, 0.0046890671, -0.0034825662;
 0.0079704048, -0.0046697152, 0.99995714, -0.036863513;
 0, 0, 0, 1]
[0.9999541, 0.0025989665, -0.009211842, -0.04332792;
 -0.0025419162, 0.99997771, 0.0061875833, -0.015151863;
 0.009227653, -0.0061638402, 0.99993837, -0.054266877;
 0, 0, 0, 1]
[0.99994439, 0.0027174298, -0.010198356, -0.049656197;
 -0.0026424092, 0.99996984, 0.0073518697, -0.02423213;
 0.010218459, -0.0073245261, 0.99992073, -0.067764848;
 0, 0, 0, 1]
[0.99993455, 0.0033583585, -0.01092237, -0.054879412;
 -0.0032706913, 0.99996221, 0.0080353357, -0.017824054;
 0.010949095, -0.0079990672, 0.99990803, -0.077599779;
 0, 0, 0, 1]
[0.99992901, 0.0032742361, -0.01144909, -0.058037125;
 -0.0031748698, 0.99995714, 0.0086887088, -0.026079878;
 0.011477009, -0.0086516999, 0.99989671, -0.084564246;
 0, 0, 0, 1]
[0.99992549, 0.0031921831, -0.01179721, -0.060067773;
 -0.0030846046, 0.99995369, 0.0091241738, -0.032126877;
 0.011825752, -0.0090870699, 0.99988902, -0.089146271;
 0, 0, 0, 1]
[0.99997526, 0.0019576538, -0.0067833099, -0.035283141;
 -0.0019227633, 0.99998492, 0.0051276814, -0.0089849122;
 0.0067932196, -0.0051144115, 0.99996418, -0.053284477;
 0, 0, 0, 1]
[0.9999634, 0.0022052492, -0.0082982229, -0.042831384;
 -0.0021521153, 0.99997693, 0.0064132051, -0.019040048;
 0.0083122328, -0.0063950573, 0.99994534, -0.06490811;
 0, 0, 0, 1]
[0.99995065, 0.0029678203, -0.0095069613, -0.049370054;
 -0.0028989871, 0.99997002, 0.0072450233, -0.013651163;
 0.0095279533, -0.0072170529, 0.99992865, -0.073808111;
 0, 0, 0, 1]
[0.99994093, 0.0029930412, -0.010450972, -0.053799849;
 -0.0029088887, 0.99996382, 0.0080598574, -0.022881486;
 0.010474638, -0.0080288965, 0.9999128, -0.080540426;
 0, 0, 0, 1]
[0.99998105, 0.0016885853, -0.0059170751, -0.030745678;
 -0.0016612402, 0.99998766, 0.0046190941, -0.013383144;
 0.0059245075, -0.0046090549, 0.99997222, -0.046551593;
 0, 0, 0, 1]
[0.9999674, 0.002039586, -0.0078065298, -0.039974779;
 -0.0019919621, 0.99997938, 0.0061060977, -0.022733998;
 0.0078185732, -0.006090248, 0.999951, -0.060066946;
 0, 0, 0, 1]
[0.99995273, 0.0028805609, -0.0092925243, -0.047811635;
 -0.002814719, 0.99997073, 0.0070875846, -0.016609449;
 0.009312694, -0.0070610372, 0.99993187, -0.070468321;
 0, 0, 0, 1]
[0.99998575, 0.0011027111, -0.0052150707, -0.026407532;
 -0.0010808902, 0.99999094, 0.0041698455, -0.021859843;
 0.0052195904, -0.0041640704, 0.99997771, -0.04000783;
 0, 0, 0, 1]
[0.99996996, 0.0021984547, -0.007427467, -0.038003389;
 -0.0021562045, 0.99998122, 0.0056796023, -0.015907682;
 0.0074397619, -0.00566334, 0.99995643, -0.055874635;
 0, 0, 0, 1]
[0.99995351, 0.00304647, -0.0091555659, -0.047051113;
 -0.0029836411, 0.99997151, 0.0068647088, -0.01146171;
 0.0091762692, -0.0068369582, 0.99993479, -0.068262801;
 0, 0, 0, 1]
[0.99994069, 0.0031196007, -0.0104552, -0.053244989;
 -0.0030366678, 0.999964, 0.0079344744, -0.021462815;
 0.010479359, -0.0079021994, 0.99991399, -0.077630386;
 0, 0, 0, 1]
[0.99997956, 0.0018350666, -0.0061450046, -0.031332709;
 -0.0018063522, 0.9999876, 0.0046634995, -0.012570923;
 0.0061534452, -0.004652238, 0.99997038, -0.045620173;
 0, 0, 0, 1]
[0.99999571, 0.00033774695, -0.0029478087, -0.014476918;
 -0.00033058005, 0.99999702, 0.0024210429, -0.019088821;
 0.0029484367, -0.0024200089, 0.99999285, -0.021970961;
 0, 0, 0, 1]
[0.9999994, -0.00017903365, -0.0006910917, -0.0031222699;
 0.00017946973, 1, 0.00066043437, -0.010884241;
 0.0006909126, -0.00066061551, 0.99999946, -0.0051265624;
 0, 0, 0, 1]
[0.99998999, 0.00079688709, -0.0044188523, -0.021952439;
 -0.00078140042, 0.99999344, 0.003509219, -0.021248514;
 0.0044216034, -0.0035056998, 0.99998409, -0.032682627;
 0, 0, 0, 1]
[0.99997091, 0.0021346738, -0.0073402477, -0.037275758;
 -0.002093778, 0.99998212, 0.0055589806, -0.015871549;
 0.0073517081, -0.0055433842, 0.99995786, -0.054166611;
 0, 0, 0, 1]
[0.99995142, 0.002592023, -0.0095371027, -0.048206877;
 -0.0025226432, 0.9999705, 0.0072778217, -0.024933213;
 0.0095557878, -0.0072533642, 0.99992841, -0.070402034;
 0, 0, 0, 1]
[0.99998224, 0.001046233, -0.0058774189, -0.029156437;
 -0.0010188264, 0.99998856, 0.0046593575, -0.028304651;
 0.0058822013, -0.0046532741, 0.99997205, -0.043486658;
 0, 0, 0, 1]
[0.9999631, 0.0022941672, -0.0083024157, -0.042020831;
 -0.0022416927, 0.99997717, 0.0063201869, -0.020658918;
 0.0083168903, -0.0063013104, 0.9999457, -0.06130901;
 0, 0, 0, 1]
[0.99998784, 0.00082423311, -0.0048946254, -0.024250519;
 -0.00080513593, 0.99999195, 0.003896455, -0.024626389;
 0.0048977993, -0.0038923793, 0.99998063, -0.036254611;
 0, 0, 0, 1]
[0.9999693, 0.0021338461, -0.0075565898, -0.03831245;
 -0.0020904678, 0.99998122, 0.0057376842, -0.017645514;
 0.0075686313, -0.0057216142, 0.99995512, -0.055877507;
 0, 0, 0, 1]
[0.99994975, 0.0031233439, -0.0095581738, -0.048893534;
 -0.0030551695, 0.99997014, 0.0071284748, -0.012412619;
 0.0095802285, -0.0070988727, 0.99992895, -0.070587128;
 0, 0, 0, 1]
[0.99993455, 0.0032795414, -0.010998496, -0.055903699;
 -0.0031881421, 0.99996072, 0.0083038611, -0.021836055;
 0.011025392, -0.0082681775, 0.99990499, -0.0812684;
 0, 0, 0, 1]
[0.99997574, 0.002033002, -0.0067329109, -0.034300949;
 -0.0019986974, 0.99998569, 0.0050712242, -0.012554973;
 0.0067430069, -0.0050575887, 0.99996465, -0.049804818;
 0, 0, 0, 1]
[0.99995911, 0.0023950813, -0.0087271333, -0.044179842;
 -0.0023370073, 0.99997526, 0.006653198, -0.022101408;
 0.0087426286, -0.0066324817, 0.9999398, -0.064575389;
 0, 0, 0, 1]
[0.99994302, 0.0032157064, -0.010207692, -0.052087687;
 -0.0031375829, 0.99996608, 0.0076535153, -0.016151436;
 0.010231925, -0.0076210066, 0.99991906, -0.075439669;
 0, 0, 0, 1]
[0.99993044, 0.0034133091, -0.011276877, -0.057426933;
 -0.0033195831, 0.99995971, 0.0083084973, -0.013920467;
 0.011304895, -0.0082704565, 0.99990183, -0.083437324;
 0, 0, 0, 1]
[0.99992263, 0.0033698175, -0.011972802, -0.060667455;
 -0.0032625527, 0.9999544, 0.0089659328, -0.023283876;
 0.012002446, -0.0089261485, 0.99988818, -0.08857476;
 0, 0, 0, 1]
[0.9999181, 0.0033054794, -0.01238692, -0.06254638;
 -0.0031894241, 0.99995118, 0.009380307, -0.030250622;
 0.012417339, -0.0093400376, 0.99987936, -0.091605693;
 0, 0, 0, 1]
[0.99991375, 0.0037834926, -0.012574979, -0.063941829;
 -0.0036649446, 0.99994868, 0.0094286697, -0.022023324;
 0.012609961, -0.0093817292, 0.99987656, -0.09295965;
 0, 0, 0, 1]
[0.99991393, 0.0035625473, -0.012631429, -0.06396661;
 -0.0034417426, 0.99994844, 0.0095711593, -0.028788481;
 0.012664773, -0.0095268479, 0.99987465, -0.093341649;
 0, 0, 0, 1]
[0.9999131, 0.0039214203, -0.0125738, -0.064080022;
 -0.0038029649, 0.99994838, 0.0094333449, -0.020550681;
 0.012609923, -0.0093846535, 0.99987662, -0.09290316;
 0, 0, 0, 1]
[0.99991339, 0.004165668, -0.012460819, -0.063804574;
 -0.0040501645, 0.99994862, 0.0092792083, -0.014296533;
 0.012498591, -0.0092278505, 0.9998793, -0.092041127;
 0, 0, 0, 1]
[0.99991465, 0.0043175854, -0.012322034, -0.063310206;
 -0.0042052055, 0.9999494, 0.0091262897, -0.0097892201;
 0.012360821, -0.0090736663, 0.99988234, -0.0909684;
 0, 0, 0, 1]
[0.99997252, 0.0025287881, -0.0069683995, -0.035939414;
 -0.0024931505, 0.99998403, 0.0051307776, -0.0034760244;
 0.0069812443, -0.0051133172, 0.99996257, -0.051479187;
 0, 0, 0, 1]
[0.99999529, 0.00066228624, -0.0030493566, -0.015274711;
 -0.00065479591, 0.9999969, 0.002398401, -0.012350976;
 0.0030507604, -0.002396343, 0.99999285, -0.022580875;
 0, 0, 0, 1]
[0.99998409, 0.0011803169, -0.0055371332, -0.027693981;
 -0.0011561328, 0.99999022, 0.0043481565, -0.022567637;
 0.0055421661, -0.0043415776, 0.99997526, -0.041011747;
 0, 0, 0, 1]
[0.99996865, 0.0021952514, -0.0075846398, -0.038518973;
 -0.0021516166, 0.99998128, 0.0057610213, -0.016999103;
 0.0075972318, -0.0057444992, 0.99995458, -0.056056056;
 0, 0, 0, 1]
[0.99995303, 0.0029924517, -0.0091974381, -0.047038514;
 -0.0029292747, 0.99997216, 0.0068796352, -0.012713262;
 0.009217578, -0.0068522985, 0.99993402, -0.067957737;
 0, 0, 0, 1]
[0.9999392, 0.0035878306, -0.010406795, -0.053426236;
 -0.0035075524, 0.99996424, 0.0077204178, -0.0095775556;
 0.010433977, -0.0076834457, 0.99991602, -0.076838724;
 0, 0, 0, 1]
[0.99992901, 0.004007888, -0.011266305, -0.057960734;
 -0.0039142626, 0.9999581, 0.008319065, -0.0074146013;
 0.011298813, -0.0082743084, 0.99990255, -0.083187073;
 0, 0, 0, 1]
[0.99992281, 0.0037321213, -0.011850606, -0.060435943;
 -0.0036267729, 0.99995369, 0.0088983281, -0.019176237;
 0.011883253, -0.0088545959, 0.99989027, -0.087521344;
 0, 0, 0, 1]
[0.99991775, 0.0040436569, -0.012189739, -0.062379256;
 -0.0039329235, 0.99995089, 0.0090891635, -0.014853219;
 0.012225608, -0.0090404209, 0.99988478, -0.089994118;
 0, 0, 0, 1]
[0.99991643, 0.0036961702, -0.012371806, -0.062866211;
 -0.0035807523, 0.99994999, 0.0093480535, -0.024653167;
 0.012405406, -0.0093029561, 0.9998799, -0.091337584;
 0, 0, 0, 1]
[0.99991703, 0.0034144172, -0.012429206, -0.062832572;
 -0.0032966721, 0.99994957, 0.0094816266, -0.031787593;
 0.012460914, -0.00943984, 0.99987799, -0.091795959;
 0, 0, 0, 1]
[0.99991637, 0.0037465773, -0.012388445, -0.063000277;
 -0.00363089, 0.99994963, 0.00934528, -0.023547852;
 0.012422856, -0.0092994971, 0.9998799, -0.09149123;
 0, 0, 0, 1]
[0.99991632, 0.0039870059, -0.012300238, -0.062849469;
 -0.0038739527, 0.99995005, 0.0091961408, -0.017052377;
 0.012336373, -0.0091476943, 0.99988222, -0.090820178;
 0, 0, 0, 1]
[0.99991715, 0.0041502868, -0.012189388, -0.062505677;
 -0.0040401062, 0.99995065, 0.0090515232, -0.012177476;
 0.012226488, -0.0090015149, 0.99988502, -0.09002693;
 0, 0, 0, 1]
[0.99992007, 0.0037008622, -0.01208946, -0.061540518;
 -0.0035908958, 0.99995208, 0.0091017038, -0.021846779;
 0.012122544, -0.0090574604, 0.99988568, -0.089325137;
 0, 0, 0, 1]
[0.99992228, 0.0033541778, -0.011990751, -0.06069364;
 -0.0032448717, 0.99995303, 0.0091234893, -0.029118545;
 0.01202068, -0.0090838112, 0.99988639, -0.088623293;
 0, 0, 0, 1]
[0.99997723, 0.0012355421, -0.006681466, -0.033217393;
 -0.0012001464, 0.99998593, 0.0052849664, -0.031035425;
 0.0066879885, -0.0052767755, 0.99996376, -0.0495607;
 0, 0, 0, 1]
[0.99996555, 0.0021118794, -0.0080044912, -0.040439542;
 -0.0020628669, 0.99997914, 0.0061297142, -0.022248272;
 0.0080170073, -0.0061128996, 0.99994928, -0.059265301;
 0, 0, 0, 1]
[0.99995589, 0.0022770537, -0.0091381744, -0.046005189;
 -0.0022127004, 0.99997294, 0.0070403675, -0.028644567;
 0.009154072, -0.007019775, 0.99993384, -0.067627124;
 0, 0, 0, 1]
[0.99998772, 0.0011234658, -0.0048285145, -0.024270033;
 -0.0011052475, 0.99999231, 0.0037463694, -0.016907694;
 0.0048326151, -0.0037408874, 0.99998164, -0.035797194;
 0, 0, 0, 1]
[0.99997455, 0.0016092797, -0.0069453167, -0.034866303;
 -0.001571821, 0.9999842, 0.0053898529, -0.024559978;
 0.0069539212, -0.0053787762, 0.99996126, -0.051452722;
 0, 0, 0, 1]
[0.99996042, 0.0020203162, -0.0086562876, -0.043437928;
 -0.0019622536, 0.99997556, 0.0067116078, -0.030350689;
 0.0086693428, -0.0066942465, 0.99994028, -0.064086996;
 0, 0, 0, 1]
[0.99994653, 0.0029008344, -0.0099605415, -0.050579995;
 -0.0028256672, 0.99996775, 0.0075431205, -0.021370893;
 0.0099819712, -0.0075145424, 0.99992234, -0.073638976;
 0, 0, 0, 1]
[0.9999342, 0.003556109, -0.01091502, -0.055816628;
 -0.0034672108, 0.99996066, 0.0081515973, -0.014580733;
 0.010943398, -0.0081131635, 0.99990749, -0.080657989;
 0, 0, 0, 1]
[0.99992502, 0.004016554, -0.011573222, -0.059434872;
 -0.0039174035, 0.99995512, 0.0085694212, -0.0097150877;
 0.011607319, -0.0085233981, 0.99989635, -0.085510269;
 0, 0, 0, 1]
[0.99997026, 0.0014965602, -0.0075704316, -0.05294086;
 -0.0014754562, 0.99999493, 0.0028020407, -0.00380508;
 0.0075747585, -0.0027908019, 0.99996716, -0.081617251;
 0, 0, 0, 1]
[0.9999578, 0.0018795377, -0.009014314, -0.056063805;
 -0.001836604, 0.99998719, 0.0047623999, -0.015697069;
 0.0090231095, -0.0047456203, 0.99994826, -0.085382797;
 0, 0, 0, 1]
[0.99994504, 0.0027547225, -0.01012369, -0.058772817;
 -0.0026924906, 0.99997765, 0.0061516464, -0.011719189;
 0.010140584, -0.0061239977, 0.99992979, -0.087644488;
 0, 0, 0, 1]
[0.99993616, 0.0028676623, -0.010954036, -0.060037207;
 -0.0027867723, 0.99996901, 0.007402854, -0.021984996;
 0.01097492, -0.0073718368, 0.99991262, -0.089050218;
 0, 0, 0, 1]
[0.99997878, 0.0016305631, -0.0063075908, -0.034507722;
 -0.0016034836, 0.99998945, 0.0042893402, -0.013200978;
 0.0063146506, -0.0042790808, 0.99997073, -0.051136419;
 0, 0, 0, 1]
[0.99996531, 0.0020268853, -0.0080956398, -0.041862607;
 -0.0019783108, 0.99998021, 0.0060091275, -0.023022976;
 0.0081076948, -0.0059929187, 0.99994928, -0.061716728;
 0, 0, 0, 1]
[0.99995083, 0.0028983708, -0.0094949799, -0.048365597;
 -0.0028305729, 0.99997032, 0.0071473662, -0.017167067;
 0.0095154895, -0.0071200738, 0.99992967, -0.070190504;
 0, 0, 0, 1]
[0.99998122, 0.00018955723, -0.0061320956, -0.044086523;
 -0.00017633766, 0.99999774, 0.0021441875, -0.023181114;
 0.0061325999, -0.0021430049, 0.9999789, -0.069959685;
 0, 0, 0, 1]
[0.99996692, 0.00099786348, -0.0080881054, -0.049698345;
 -0.00096161838, 0.99998957, 0.0044750613, -0.030252425;
 0.0080922684, -0.0044671278, 0.99995762, -0.076846443;
 0, 0, 0, 1]
[0.9999904, -0.00018451764, -0.0043898202, -0.027260011;
 0.00019537026, 0.99999702, 0.0024746233, -0.031901151;
 0.0043892753, -0.0024754712, 0.99998736, -0.043428905;
 0, 0, 0, 1]
[0.99997562, 0.0013771337, -0.0069116983, -0.038068138;
 -0.001344653, 0.99998844, 0.0046903887, -0.022900958;
 0.0069179363, -0.0046809446, 0.99996543, -0.057249397;
 0, 0, 0, 1]
[0.99999332, 0.00018763031, -0.003674583, -0.01934411;
 -0.0001775713, 0.9999963, 0.0027534191, -0.025821513;
 0.0036752035, -0.0027528366, 0.99998927, -0.029944351;
 0, 0, 0, 1]
[0.99997312, 0.00076714659, -0.0073286756, -0.051156245;
 -0.00074655702, 0.99999565, 0.0028090046, -0.018729841;
 0.0073307958, -0.0028033915, 0.99996918, -0.080118582;
 0, 0, 0, 1]
[0.99995458, 0.0021840588, -0.0093296487, -0.057095997;
 -0.0021365569, 0.99998528, 0.0050979229, -0.012848753;
 0.0093405964, -0.0050777504, 0.99994397, -0.086354792;
 0, 0, 0, 1]
[0.99998409, 0.00083235442, -0.0055712671, -0.033843163;
 -0.00081474794, 0.99999458, 0.0031622753, -0.018510483;
 0.0055740243, -0.0031576743, 0.9999792, -0.05192101;
 0, 0, 0, 1]
[0.9999668, 0.0016646864, -0.0079678874, -0.043087456;
 -0.0016203605, 0.99998355, 0.0055576395, -0.026243003;
 0.0079768617, -0.005544526, 0.99995267, -0.064544588;
 0, 0, 0, 1]
[0.99994868, 0.0028425897, -0.0097617796, -0.050696969;
 -0.0027727354, 0.99997056, 0.0071618436, -0.018803867;
 0.0097820153, -0.0071343686, 0.99992669, -0.074078828;
 0, 0, 0, 1]
[0.99993205, 0.0036914328, -0.011040352, -0.056227785;
 -0.0035999797, 0.99995881, 0.0082870647, -0.013189724;
 0.011070598, -0.0082466733, 0.99990475, -0.081019863;
 0, 0, 0, 1]
[0.99992049, 0.0042640218, -0.011892764, -0.060003765;
 -0.0041567911, 0.99995095, 0.0090213222, -0.009173844;
 0.011930347, -0.0089711351, 0.99988908, -0.085767992;
 0, 0, 0, 1]
[0.99991298, 0.0046157585, -0.012407597, -0.062367953;
 -0.0044986266, 0.99994582, 0.00944921, -0.0064895838;
 0.012450489, -0.0093925437, 0.99987888, -0.088751338;
 0, 0, 0, 1]
[0.99991071, 0.0042479848, -0.012685345, -0.063122794;
 -0.0041233087, 0.99994308, 0.0098298918, -0.017987246;
 0.012726472, -0.0097766509, 0.99987131, -0.090549022;
 0, 0, 0, 1]
[0.99990886, 0.0044604088, -0.012762649, -0.063766599;
 -0.0043351403, 0.99994266, 0.009820262, -0.013595781;
 0.012805705, -0.0097639747, 0.99987054, -0.09119042;
 0, 0, 0, 1]
[0.99990851, 0.0045683677, -0.012719173, -0.063852377;
 -0.0044449125, 0.99994296, 0.009714325, -0.010320322;
 0.012762849, -0.0096568326, 0.99987191, -0.091132;
 0, 0, 0, 1]
[0.99991238, 0.0040505338, -0.012621069, -0.063051127;
 -0.0039277757, 0.99994516, 0.0097367577, -0.021147357;
 0.012659558, -0.0096863369, 0.99987328, -0.09089154;
 0, 0, 0, 1]
[0.99990314, 0.0035943121, -0.013436578, -0.056167889;
 -0.0034877572, 0.99996191, 0.0079404423, -0.017963365;
 0.013464624, -0.0078927483, 0.99987823, -0.053402662;
 0, 0, 0, 1]
[0.99996865, 0.0014206195, -0.0078023598, -0.03002852;
 -0.0013856903, 0.99998933, 0.0044791112, -0.023502186;
 0.0078084692, -0.0044681476, 0.99995983, -0.024268413;
 0, 0, 0, 1]
[0.99995857, 0.0022462355, -0.0088309376, -0.03851407;
 -0.0021964351, 0.99998158, 0.0056348313, -0.017504299;
 0.0088434191, -0.0056151757, 0.9999451, -0.042285014;
 0, 0, 0, 1]
[0.99994874, 0.0029184399, -0.0097015845, -0.045546968;
 -0.002854448, 0.99997419, 0.0065975543, -0.012915337;
 0.0097204214, -0.006569488, 0.9999314, -0.0570985;
 0, 0, 0, 1]
[0.99994016, 0.0034402648, -0.01040119, -0.051109914;
 -0.003363664, 0.99996763, 0.0073617813, -0.0095754722;
 0.010426318, -0.0073263571, 0.99991864, -0.068737544;
 0, 0, 0, 1]
[0.99998301, 0.0014130488, -0.0057415813, -0.027985621;
 -0.0013884548, 0.99998993, 0.0042792824, -0.017163027;
 0.0057478347, -0.0042712358, 0.99997437, -0.039149471;
 0, 0, 0, 1]
[0.99991506, 0.0036335485, -0.012545682, -0.009966284;
 -0.0035126132, 0.99994773, 0.0096444888, -0.021285521;
 0.012580155, -0.0095995544, 0.99987489, -0.019530149;
 0, 0, 0, 1]
[0.99991393, 0.0034565111, -0.012666589, -0.025391532;
 -0.0033316105, 0.99994558, 0.0098707778, -0.02913863;
 0.012700059, -0.0098276874, 0.99987125, -0.042240877;
 0, 0, 0, 1]
[0.99991268, 0.0038513734, -0.01264593, -0.038292844;
 -0.0037279676, 0.99994582, 0.0097618382, -0.021558302;
 0.012682787, -0.0097138407, 0.99987257, -0.059974775;
 0, 0, 0, 1]
[0.99991518, 0.0035721681, -0.012567381, -0.047612663;
 -0.0034493122, 0.99994701, 0.0097770141, -0.028765431;
 0.012601394, -0.0097328378, 0.99987382, -0.073342822;
 0, 0, 0, 1]
[0.9999662, 0.00089371396, -0.0081905834, -0.020857733;
 -0.00085840496, 0.99999064, 0.0043087727, -0.032654583;
 0.0081942175, -0.0043015936, 0.99995732, -0.0076612607;
 0, 0, 0, 1]
[0.99999261, 7.8417252e-05, -0.0039780601, -0.0081862956;
 -7.1725175e-05, 0.99999863, 0.001663623, -0.020135501;
 0.0039783362, -0.0016633072, 0.99999118, 0.0043232255;
 0, 0, 0, 1]
[0.99999964, -0.00043775945, -0.0010089221, 0.00042019878;
 0.00043757685, 1.0000004, -0.00013527507, -0.010608554;
 0.0010090315, 0.00013472058, 0.9999994, 0.011538545;
 0, 0, 0, 1]
[0.99999046, 0.0011029703, -0.0042541232, -0.021029875;
 -0.0010921689, 0.99999607, 0.0025632153, -0.0069706938;
 0.0042568264, -0.0025585738, 0.99998802, -0.023214879;
 0, 0, 0, 1]
[0.99997401, 0.0023225374, -0.0068878434, -0.037627958;
 -0.002289878, 0.99998623, 0.0047481926, -0.0047158962;
 0.0068988302, -0.0047323816, 0.99996525, -0.050102521;
 0, 0, 0, 1]
[0.99995518, 0.0032403895, -0.0089252684, -0.049849261;
 -0.0031829358, 0.99997437, 0.0064335549, -0.003505849;
 0.0089459084, -0.0064048069, 0.99993962, -0.069943592;
 0, 0, 0, 1]
[0.99994022, 0.0033421903, -0.01043979, -0.057814423;
 -0.0032602279, 0.99996412, 0.007851229, -0.016185932;
 0.010465614, -0.0078166854, 0.99991482, -0.083894953;
 0, 0, 0, 1]
[0.99997932, 0.001508757, -0.0062773153, -0.03613694;
 -0.0014773723, 0.99998647, 0.0049930476, -0.02253326;
 0.0062846937, -0.0049835909, 0.99996793, -0.054446634;
 0, 0, 0, 1]
[0.99999487, 0.0006902701, -0.0031440943, -0.020020885;
 -0.00068190868, 0.99999654, 0.0026444669, -0.013945157;
 0.003145786, -0.002642307, 0.99999189, -0.031374238;
 0, 0, 0, 1]
[0.99997938, 0.0019646881, -0.0061215819, -0.035017811;
 -0.0019353885, 0.99998689, 0.0047809966, -0.01069188;
 0.0061307726, -0.0047690454, 0.99996984, -0.052769292;
 0, 0, 0, 1]
[0.99996006, 0.0029460248, -0.0084385723, -0.046447039;
 -0.0028918022, 0.9999752, 0.0064356457, -0.0083706444;
 0.0084572276, -0.0064109676, 0.99994385, -0.068883918;
 0, 0, 0, 1]
[0.99994344, 0.0031122272, -0.010167225, -0.054193005;
 -0.0030325223, 0.99996477, 0.0078356732, -0.019952726;
 0.010191194, -0.0078043602, 0.99991739, -0.080542065;
 0, 0, 0, 1]
[0.99992865, 0.0037518991, -0.011363308, -0.059955511;
 -0.003653992, 0.99995631, 0.0086265486, -0.015454789;
 0.011395155, -0.0085843643, 0.99989855, -0.088232085;
 0, 0, 0, 1]
[0.99991763, 0.0041870698, -0.012137715, -0.063579164;
 -0.0040764874, 0.99994993, 0.0091218613, -0.011967426;
 0.012175259, -0.0090715261, 0.99988484, -0.09283942;
 0, 0, 0, 1]
[0.99991256, 0.0039066621, -0.01259954, -0.065036297;
 -0.0037861564, 0.99994648, 0.0095713763, -0.022529345;
 0.01263613, -0.0095227966, 0.99987477, -0.095340878;
 0, 0, 0, 1]
[0.99991149, 0.0036505205, -0.012815446, -0.065443248;
 -0.0035248934, 0.99994588, 0.0098086847, -0.030310282;
 0.012850363, -0.0097625619, 0.99987, -0.096224904;
 0, 0, 0, 1]
[0.99990952, 0.0039798976, -0.012843806, -0.065677419;
 -0.0038552657, 0.99994552, 0.0097101098, -0.022588069;
 0.012881584, -0.0096596973, 0.99987036, -0.095796704;
 0, 0, 0, 1]
[0.99991006, 0.0041999593, -0.01276324, -0.065356791;
 -0.0040781242, 0.9999463, 0.009556503, -0.016501067;
 0.012802755, -0.0095035341, 0.99987298, -0.094697319;
 0, 0, 0, 1]
[0.99997061, 0.001913609, -0.0074191066, -0.037404124;
 -0.0018712255, 0.99998188, 0.0057147895, -0.021786097;
 0.0074298242, -0.005700693, 0.99995631, -0.055054113;
 0, 0, 0, 1]
[0.99995905, 0.0026353982, -0.0086589586, -0.043994091;
 -0.0025789323, 0.9999755, 0.0065300702, -0.015862068;
 0.0086758379, -0.006507427, 0.99994129, -0.06396503;
 0, 0, 0, 1]
[0.99994814, 0.0032112331, -0.0096768225, -0.049408246;
 -0.003141511, 0.99996924, 0.0072084903, -0.011437196;
 0.0096997181, -0.0071776076, 0.9999274, -0.071258567;
 0, 0, 0, 1]
[0.99998528, 0.0012379609, -0.005272219, -0.026344463;
 -0.0012163955, 0.99999076, 0.004085626, -0.018178828;
 0.0052772136, -0.0040790755, 0.99997771, -0.038848814;
 0, 0, 0, 1]
[0.99997067, 0.0023572044, -0.0072829435, -0.037176631;
 -0.0023190025, 0.99998373, 0.0052416637, -0.0025559943;
 0.0072952281, -0.0052246028, 0.99995959, -0.053617377;
 0, 0, 0, 1]
[0.99998933, 0.00010070688, -0.0046558375, -0.011409754;
 -9.5005758e-05, 0.99999964, 0.0012072272, -0.014006743;
 0.0046556708, -0.0012067112, 0.99998873, 0.0095765106;
 0, 0, 0, 1]
[0.99997467, 0.0014365787, -0.0070338785, -0.027154103;
 -0.0014116893, 0.99999309, 0.003536595, -0.010804147;
 0.0070390888, -0.0035265402, 0.99996912, -0.019846173;
 0, 0, 0, 1]
[0.99995863, 0.0019490346, -0.0089093391, -0.039140243;
 -0.0018992122, 0.99998242, 0.0055925483, -0.021641558;
 0.0089199748, -0.0055753491, 0.99994493, -0.043745637;
 0, 0, 0, 1]
[0.99994451, 0.002351041, -0.010311997, -0.048229385;
 -0.0022771857, 0.99997211, 0.0071602138, -0.02969336;
 0.010328525, -0.0071363365, 0.99992156, -0.062242828;
 0, 0, 0, 1]
[0.99993223, 0.0028059327, -0.01131467, -0.055058073;
 -0.0027147147, 0.9999637, 0.0080591794, -0.024431579;
 0.011336742, -0.0080278292, 0.99990356, -0.075886607;
 0, 0, 0, 1]
[0.99992412, 0.0029733679, -0.01196713, -0.059412979;
 -0.0028670302, 0.99995655, 0.0088907387, -0.031050187;
 0.011992952, -0.0088557405, 0.99988914, -0.085270941;
 0, 0, 0, 1]
[0.99991757, 0.0036242483, -0.012337278, -0.062620059;
 -0.0035103094, 0.9999513, 0.0092424583, -0.022541232;
 0.012370097, -0.0091983378, 0.99988145, -0.091050707;
 0, 0, 0, 1]
[0.99997199, 0.0016578451, -0.0073096966, -0.037129387;
 -0.0016157007, 0.99998218, 0.0057476261, -0.025817841;
 0.007318818, -0.0057356204, 0.99995726, -0.056018457;
 0, 0, 0, 1]
[0.99995869, 0.0025991863, -0.0087605128, -0.04528594;
 -0.0025397323, 0.99997407, 0.0067759599, -0.018296666;
 0.0087776855, -0.0067533739, 0.9999392, -0.067761406;
 0, 0, 0, 1]
[0.99998856, 0.00090932671, -0.004701708, -0.024293536;
 -0.00089083612, 0.99999231, 0.00391518, -0.022531878;
 0.004704955, -0.0039108829, 0.99998158, -0.038363472;
 0, 0, 0, 1]
[0.99997461, 0.0015247199, -0.0069767726, -0.035777822;
 -0.0014851536, 0.99998289, 0.0056615365, -0.029023523;
 0.0069852257, -0.005650986, 0.99995953, -0.055145379;
 0, 0, 0, 1]
[0.99995381, 0.0010690833, -0.0095737139, -0.062745355;
 -0.0010227186, 0.99998754, 0.0048499759, -0.034413323;
 0.0095788585, -0.0048399158, 0.9999423, -0.099778816;
 0, 0, 0, 1]
[0.99994111, 0.0017132297, -0.010730365, -0.064679846;
 -0.0016438927, 0.99997813, 0.0064598536, -0.037452616;
 0.010741196, -0.0064418507, 0.9999218, -0.10093434;
 0, 0, 0, 1]
[0.99998021, 0.00090817065, -0.0063039986, -0.039274991;
 -0.00088510796, 0.99999321, 0.0036504453, -0.022834424;
 0.0063073034, -0.0036447556, 0.99997371, -0.061851807;
 0, 0, 0, 1]
[0.99996382, 0.0021790939, -0.0082229003, -0.046795428;
 -0.0021344312, 0.99998283, 0.0054241819, -0.015106459;
 0.0082347682, -0.0054063881, 0.99995136, -0.07069017;
 0, 0, 0, 1]
[0.99998909, 0.0012844283, -0.0044945111, -0.025843933;
 -0.0012713113, 0.99999481, 0.0029556563, -0.006316124;
 0.0044982582, -0.0029498893, 0.9999854, -0.03907441;
 0, 0, 0, 1]
[0.99999839, 0.00062141393, -0.0017877853, -0.010545616;
 -0.00061934238, 0.9999994, 0.0011620066, -0.00026869989;
 0.0017884204, -0.001160957, 0.99999756, -0.015992787;
 0, 0, 0, 1]
[0.99998611, 0.0014457236, -0.0051444084, -0.026277687;
 -0.0014253041, 0.99999148, 0.0039575277, -0.012841238;
 0.0051497724, -0.0039500878, 0.9999795, -0.038724776;
 0, 0, 0, 1]
[0.99996811, 0.0020869148, -0.0077837091, -0.038789485;
 -0.0020391955, 0.99997956, 0.0061223437, -0.022666696;
 0.0077962955, -0.0061062714, 0.99995142, -0.056876175;
 0, 0, 0, 1]
[0.99998939, 0.0012509779, -0.0045377049, -0.022005206;
 -0.0012340974, 0.99999243, 0.0036921832, -0.013573342;
 0.0045421473, -0.0036865138, 0.99998313, -0.032006267;
 0, 0, 0, 1]
[0.99999845, 7.9939724e-05, -0.0021371013, -0.0091280825;
 -7.5440897e-05, 0.99999809, 0.0020560548, -0.019883012;
 0.0021372745, -0.0020558788, 0.99999613, -0.014004136;
 0, 0, 0, 1]
[0.99998409, 0.0010789869, -0.005661021, -0.026971016;
 -0.0010522734, 0.99998856, 0.0047187232, -0.027883593;
 0.0056662154, -0.0047126533, 0.99997336, -0.039938945;
 0, 0, 0, 1]
[0.99996275, 0.0020158109, -0.0083732279, -0.041024864;
 -0.0019613258, 0.99997652, 0.0065053212, -0.02272737;
 0.0083862869, -0.0064885607, 0.99994379, -0.060090054;
 0, 0, 0, 1]
[0.99994349, 0.0025518117, -0.01034005, -0.051055826;
 -0.0024689212, 0.99996495, 0.0080220783, -0.029543443;
 0.010359888, -0.00799606, 0.99991471, -0.074791595;
 0, 0, 0, 1]
[0.99992734, 0.0029203619, -0.011685684, -0.057981662;
 -0.0028145518, 0.99995464, 0.0090578534, -0.034406133;
 0.011711736, -0.0090242494, 0.99989045, -0.085001118;
 0, 0, 0, 1]
[0.99991608, 0.0031527148, -0.012533619, -0.062407054;
 -0.0030311113, 0.99994779, 0.0097064422, -0.037646607;
 0.01256357, -0.0096675763, 0.99987417, -0.091486819;
 0, 0, 0, 1]
[0.99990982, 0.0032798313, -0.012997301, -0.064890333;
 -0.0031492736, 0.99994451, 0.0100562, -0.039613623;
 0.013029526, -0.010014303, 0.99986494, -0.09516681;
 0, 0, 0, 1]
[0.99990755, 0.0033303332, -0.013183779, -0.065958664;
 -0.0031960853, 0.99994332, 0.010190927, -0.040613357;
 0.013216856, -0.010147813, 0.99986136, -0.096744195;
 0, 0, 0, 1]
[0.99996763, 0.0014588523, -0.0079546934, -0.039266825;
 -0.001408388, 0.99997932, 0.0063356706, -0.037660554;
 0.0079637161, -0.006324199, 0.99994856, -0.058469906;
 0, 0, 0, 1]
[0.99995524, 0.0024776256, -0.0092299739, -0.046506982;
 -0.0024122049, 0.9999724, 0.0070889471, -0.025263947;
 0.0092469985, -0.0070662964, 0.999933, -0.06798844;
 0, 0, 0, 1]
[0.99994421, 0.0027038334, -0.010238185, -0.051601101;
 -0.0026233138, 0.99996579, 0.0078653088, -0.029146198;
 0.010259103, -0.0078380136, 0.99991667, -0.075554848;
 0, 0, 0, 1]
[0.99992573, 0.0022753368, -0.0119559, -0.048756897;
 -0.0021933576, 0.99997401, 0.0068710987, -0.034104858;
 0.011971279, -0.0068443674, 0.99990499, -0.044362098;
 0, 0, 0, 1]
[0.9999209, 0.0030883907, -0.012204882, -0.053718917;
 -0.0029966435, 0.99996716, 0.0075235283, -0.022711013;
 0.012227864, -0.0074863443, 0.99989742, -0.058118641;
 0, 0, 0, 1]
[0.99990869, 0.0025456818, -0.013298873, -0.05025306;
 -0.0024576874, 0.99997503, 0.0066276425, -0.029377148;
 0.013315509, -0.0065943468, 0.99988985, -0.032370612;
 0, 0, 0, 1]
[0.9999097, 0.0032667909, -0.013044992, -0.054625701;
 -0.0031709492, 0.99996787, 0.0073607285, -0.019405317;
 0.013068711, -0.0073186345, 0.99988776, -0.050485026;
 0, 0, 0, 1]
[0.99991155, 0.0037914163, -0.01277074, -0.057794623;
 -0.0036904849, 0.99996191, 0.0079196272, -0.012158564;
 0.01280027, -0.0078717284, 0.99988741, -0.064715266;
 0, 0, 0, 1]
[0.9999153, 0.0035987657, -0.012520521, -0.059423029;
 -0.003492343, 0.99995792, 0.0085043004, -0.020331204;
 0.012550646, -0.0084598027, 0.99988556, -0.075518511;
 0, 0, 0, 1]
[0.99991685, 0.0039729923, -0.01227851, -0.060911924;
 -0.0038658383, 0.9999547, 0.0087292688, -0.013658271;
 0.012312872, -0.0086811045, 0.99988651, -0.083048619;
 0, 0, 0, 1]
[0.99991828, 0.0042224326, -0.012071196, -0.061763093;
 -0.0041156085, 0.99995214, 0.0088600265, -0.0089472728;
 0.012107844, -0.0088096168, 0.999888, -0.088008232;
 0, 0, 0, 1]
[0.99992162, 0.0038210663, -0.011919328, -0.061613046;
 -0.0037126536, 0.99995178, 0.009097591, -0.01897571;
 0.011953412, -0.0090526072, 0.999888, -0.091131181;
 0, 0, 0, 1]
[0.99997616, 0.0021777297, -0.0065750121, -0.035052527;
 -0.0021434976, 0.99998468, 0.0052090008, -0.010284275;
 0.0065860637, -0.0051947469, 0.99996501, -0.054083724;
 0, 0, 0, 1]
[0.99999595, 0.00097817217, -0.0026861299, -0.015512782;
 -0.00097190146, 0.99999702, 0.0023464093, -0.0039704936;
 0.0026881965, -0.002343799, 0.99999398, -0.026431667;
 0, 0, 0, 1]
[0.99998468, 0.0019903637, -0.00521849, -0.028692978;
 -0.0019684776, 0.99998969, 0.004187658, -0.0029576262;
 0.005226708, -0.0041773519, 0.99997777, -0.045294922;
 0, 0, 0, 1]
[0.9999693, 0.002801951, -0.007324771, -0.039480168;
 -0.0027602708, 0.99998015, 0.0056988294, -0.0026638648;
 0.0073403581, -0.0056784814, 0.99995691, -0.060403276;
 0, 0, 0, 1]
[0.99995565, 0.0028718386, -0.0090080183, -0.047372665;
 -0.0028081746, 0.99997145, 0.0070669898, -0.015983885;
 0.0090277335, -0.007041344, 0.99993491, -0.072122805;
 0, 0, 0, 1]
[0.99993396, 0.0023325463, -0.011252001, -0.04660403;
 -0.0022593397, 0.99997622, 0.0065070712, -0.027949961;
 0.011267148, -0.00648118, 0.9999153, -0.043834113;
 0, 0, 0, 1]
[0.99997765, 0.00066336058, -0.0066845566, -0.025652178;
 -0.00063792313, 0.99999291, 0.0038031824, -0.031392552;
 0.0066869371, -0.0037988306, 0.99997073, -0.021235807;
 0, 0, 0, 1]
[0.99999511, 1.4226408e-05, -0.0032634903, -0.010860406;
 -8.8627594e-06, 0.99999875, 0.001646579, -0.020257294;
 0.0032635857, -0.0016465253, 0.99999356, -0.0050849635;
 0, 0, 0, 1]
[0.99998105, 0.0014440928, -0.0060522803, -0.027512567;
 -0.0014198554, 0.99999154, 0.0039849775, -0.01482799;
 0.0060579651, -0.0039762771, 0.99997407, -0.032945432;
 0, 0, 0, 1]
[0.99999577, 0.00016810339, -0.0030571341, -0.013240889;
 -0.00016139791, 0.99999785, 0.0021815458, -0.020701433;
 0.0030575618, -0.0021810799, 0.99999315, -0.016445264;
 0, 0, 0, 1]
[0.99998099, 0.0010946631, -0.006132198, -0.02988689;
 -0.0010656465, 0.99998844, 0.0047298949, -0.028346756;
 0.0061374181, -0.0047232909, 0.99996996, -0.043179695;
 0, 0, 0, 1]
[0.9999947, 0.00052571326, -0.0032923673, -0.016415427;
 -0.00051693025, 0.99999684, 0.0026601066, -0.017431166;
 0.0032936484, -0.0026583583, 0.99999148, -0.024902636;
 0, 0, 0, 1]
[0.99997836, 0.0014218575, -0.0064552794, -0.032853175;
 -0.0013885745, 0.99998593, 0.0051570125, -0.025561256;
 0.0064625596, -0.0051479144, 0.99996597, -0.049929447;
 0, 0, 0, 1]
[0.99999303, 0.00080563757, -0.0036470036, -0.019033827;
 -0.00079450489, 0.99999529, 0.0030199797, -0.015161923;
 0.0036492352, -0.0030170321, 0.99998903, -0.030000966;
 0, 0, 0, 1]
[0.9999696, 0.0010702942, -0.0077685029, -0.028262012;
 -0.0010401547, 0.99999207, 0.0038743285, -0.025814278;
 0.0077725733, -0.0038661275, 0.99996245, -0.016910695;
 0, 0, 0, 1]
[0.99994874, 0.0024121415, -0.0098739909, -0.042649064;
 -0.0023535655, 0.99997991, 0.0059321094, -0.018561162;
 0.0098881004, -0.00590852, 0.99993378, -0.044198096;
 0, 0, 0, 1]
[0.99998099, 0.00099218532, -0.0061377627, -0.025679739;
 -0.00096889603, 0.99999279, 0.0037841117, -0.023018958;
 0.0061414591, -0.0037780495, 0.99997413, -0.026497927;
 0, 0, 0, 1]
[0.99996251, 0.0017711109, -0.0085065216, -0.039684758;
 -0.0017200878, 0.99998075, 0.0059964764, -0.029553216;
 0.0085171675, -0.0059815617, 0.999946, -0.051617406;
 0, 0, 0, 1]
[0.99994349, 0.0029065076, -0.010239341, -0.050544757;
 -0.0028303033, 0.99996853, 0.0074508954, -0.021123098;
 0.010260807, -0.0074214563, 0.99992019, -0.070088014;
 0, 0, 0, 1]
[0.99992752, 0.003723158, -0.011441492, -0.058120083;
 -0.0036264728, 0.99995756, 0.0084584458, -0.014710261;
 0.011472658, -0.00841635, 0.99989867, -0.083004504;
 0, 0, 0, 1]
[0.99997264, 0.0024032576, -0.0070022484, -0.036255535;
 -0.0023664876, 0.99998361, 0.0052536353, -0.0067996229;
 0.0070144781, -0.0052368846, 0.99996197, -0.052919038;
 0, 0, 0, 1]
[0.9999935, 0.00083794928, -0.0036562625, -0.019058324;
 -0.00082695723, 0.99999577, 0.0030079612, -0.01438888;
 0.0036587857, -0.003004946, 0.99998897, -0.029878723;
 0, 0, 0, 1]
[0.99997783, 0.0015339664, -0.0064612138, -0.033352323;
 -0.0015002973, 0.99998516, 0.0052146548, -0.023643931;
 0.0064690714, -0.005204835, 0.99996555, -0.051457129;
 0, 0, 0, 1]
[0.99995297, 0.0015013086, -0.0096151559, -0.03767705;
 -0.0014500909, 0.99998504, 0.0053341319, -0.032481533;
 0.0096231606, -0.0053199492, 0.99993962, -0.031026926;
 0, 0, 0, 1]
[0.99993795, 0.0020726377, -0.010971611, -0.047618024;
 -0.0019959556, 0.99997407, 0.0069928067, -0.036730427;
 0.010985839, -0.0069704899, 0.99991554, -0.052737579;
 0, 0, 0, 1]
[0.99992514, 0.003051304, -0.011869487, -0.055274032;
 -0.0029561988, 0.99996382, 0.0080181267, -0.026291545;
 0.011893778, -0.007982472, 0.99989742, -0.068958662;
 0, 0, 0, 1]
[0.99991584, 0.0037566987, -0.012413546, -0.060457677;
 -0.0036486408, 0.99995524, 0.0087089017, -0.018198807;
 0.012445908, -0.008662804, 0.99988472, -0.080570959;
 0, 0, 0, 1]
[0.99991268, 0.0036814834, -0.012708127, -0.063139074;
 -0.0035632844, 0.99995053, 0.0093139037, -0.025359696;
 0.012742041, -0.0092678368, 0.99987596, -0.088426813;
 0, 0, 0, 1]
[0.99991137, 0.0035725485, -0.012810077, -0.064468086;
 -0.0034489064, 0.99994707, 0.0096689779, -0.030776467;
 0.012843908, -0.009623955, 0.99987108, -0.093197152;
 0, 0, 0, 1]
[0.99991041, 0.0040013194, -0.012765903, -0.06536413;
 -0.0038781618, 0.99994606, 0.0096571222, -0.021530554;
 0.01280359, -0.009606706, 0.99987209, -0.095522903;
 0, 0, 0, 1]
[0.99991304, 0.0037316522, -0.012662506, -0.064956315;
 -0.0036083371, 0.99994588, 0.0097425049, -0.027693763;
 0.012698169, -0.0096958987, 0.99987245, -0.09632016;
 0, 0, 0, 1]
[0.99991554, 0.0034957454, -0.012515701, -0.064193219;
 -0.0033739901, 0.99994707, 0.0097354585, -0.032294467;
 0.012548894, -0.0096924119, 0.99987447, -0.096047297;
 0, 0, 0, 1]
[0.99991643, 0.0038504195, -0.012338294, -0.063790835;
 -0.0037333025, 0.99994797, 0.0094895614, -0.022403641;
 0.012374139, -0.0094426395, 0.99987912, -0.094918504;
 0, 0, 0, 1]
[0.99997371, 0.0022277655, -0.0069563244, -0.036456831;
 -0.0021901089, 0.99998337, 0.0054126116, -0.01167932;
 0.0069684931, -0.0053972332, 0.9999612, -0.055058561;
 0, 0, 0, 1]
[0.99996334, 0.0023404472, -0.0082293339, -0.042535231;
 -0.0022874307, 0.99997675, 0.0064354138, -0.020397086;
 0.0082441829, -0.0064163618, 0.99994558, -0.06409201;
 0, 0, 0, 1]
[0.99995238, 0.0030070567, -0.0092925308, -0.048177291;
 -0.0029410974, 0.9999702, 0.0071007283, -0.014052846;
 0.0093134372, -0.007072988, 0.99993175, -0.071415976;
 0, 0, 0, 1]
[0.99992013, 0.00046279968, -0.012647721, -0.053842098;
 -0.00038755275, 0.99998248, 0.0059525613, 0.097869612;
 0.012650356, -0.0059472499, 0.99990237, -0.099997185;
 0, 0, 0, 1]
[0.99983609, -0.0025118815, -0.017932236, -0.071525924;
 0.0025156424, 0.99999678, 0.0001831823, 0.036269117;
 0.017931996, -0.00022826064, 0.99983919, -0.14871457;
 0, 0, 0, 1]
[0.99984783, -0.0019715165, -0.017327409, -0.071750633;
 0.0019816728, 0.99999803, 0.00056394469, 0.019581543;
 0.017326359, -0.00059816707, 0.99984956, -0.1480301;
 0, 0, 0, 1]
[0.99993175, -0.0022992485, -0.011464136, -0.036401667;
 0.0022737498, 0.99999511, -0.0022416515, 0.0111608;
 0.011469245, 0.0022154781, 0.99993211, -0.054707512;
 0, 0, 0, 1]
[0.99997896, -0.0023858065, -0.006076837, -0.015843168;
 0.0023715927, 0.99999452, -0.0023460335, -0.0065669413;
 0.0060822321, 0.0023316105, 0.99997926, -0.021889936;
 0, 0, 0, 1]
[0.99992144, 0.0018543552, -0.01240335, -0.00060368516;
 -0.0017898503, 0.99998504, 0.005214775, -0.0048739687;
 0.012412792, -0.0051921112, 0.99990928, -0.0017357934;
 0, 0, 0, 1]
[0.99992174, 0.0026701428, -0.012231624, -0.018247198;
 -0.0025804478, 0.9999699, 0.0073428708, -0.021071408;
 0.012251013, -0.007310729, 0.9998982, -0.025568131;
 0, 0, 0, 1]
[0.99992204, 0.003204562, -0.012076017, -0.032585032;
 -0.0030982685, 0.99995643, 0.0088159591, -0.032513168;
 0.012103765, -0.0087778345, 0.99988836, -0.045424767;
 0, 0, 0, 1]
[0.99992055, 0.0040690317, -0.011927451, -0.044227097;
 -0.0039548036, 0.99994636, 0.0095785903, -0.026918864;
 0.011965648, -0.0095306328, 0.99988306, -0.061058477;
 0, 0, 0, 1]
[0.99997485, 0.0027473427, -0.0065976642, -0.026002781;
 -0.0027068856, 0.99997795, 0.0061252653, -0.018584676;
 0.0066142986, -0.0061071957, 0.99995971, -0.03440287;
 0, 0, 0, 1]
[0.99996459, 0.0030099601, -0.0079303449, -0.038696043;
 -0.0029505538, 0.99996781, 0.0074888435, -0.028232569;
 0.0079526389, -0.0074652019, 0.99994081, -0.05346214;
 0, 0, 0, 1]
[0.99995458, 0.0031687645, -0.0090691727, -0.048294585;
 -0.0030919486, 0.99995995, 0.0084675783, -0.034982484;
 0.0090959035, -0.0084391301, 0.99992323, -0.068129234;
 0, 0, 0, 1]
[0.99994302, 0.003799218, -0.0099772597, -0.0557018;
 -0.0037099386, 0.99995333, 0.0089442879, -0.026240936;
 0.01001081, -0.0089067668, 0.99991018, -0.078619227;
 0, 0, 0, 1]
[0.99993521, 0.0038292352, -0.010705594, -0.060434446;
 -0.0037311024, 0.999951, 0.0091632195, -0.021452982;
 0.010739987, -0.0091226362, 0.9999007, -0.086072639;
 0, 0, 0, 1]
[0.99992824, 0.0041974126, -0.011216901, -0.063581042;
 -0.0040932503, 0.99994826, 0.0092976466, -0.015468077;
 0.011255385, -0.0092510125, 0.99989402, -0.090592571;
 0, 0, 0, 1]
[0.99997824, 0.0020062409, -0.0063733654, -0.037954055;
 -0.0019701102, 0.99998254, 0.0056595029, -0.020913882;
 0.0063843154, -0.0056467936, 0.99996424, -0.054704342;
 0, 0, 0, 1]
[0.99999583, 0.00092669419, -0.0028017084, -0.019187305;
 -0.00091889681, 0.99999583, 0.0027714027, -0.011882083;
 0.0028042956, -0.0027688043, 0.99999237, -0.027592117;
 0, 0, 0, 1]
[0.99998277, 0.0020182831, -0.0055274395, -0.032601818;
 -0.001993103, 0.99998814, 0.0045578922, -0.0085002882;
 0.0055362978, -0.0045467932, 0.99997455, -0.046752919;
 0, 0, 0, 1]
[0.99999762, 0.00047903357, -0.0025374009, -0.015916646;
 -0.00047301251, 0.99999791, 0.002358271, -0.016137799;
 0.0025384068, -0.0023570785, 0.9999947, -0.023619324;
 0, 0, 0, 1]
[0.99998355, 0.0012161533, -0.0056537488, -0.0308025;
 -0.0011898552, 0.99998838, 0.0046431106, -0.025268009;
 0.0056594899, -0.0046361862, 0.99997336, -0.045588087;
 0, 0, 0, 1]
[0.99999571, -2.8938182e-05, -0.0028884404, -0.015630215;
 3.6387049e-05, 0.99999678, 0.0026050522, -0.028669013;
 0.0028882129, -0.0026051172, 0.99999237, -0.024288869;
 0, 0, 0, 1]
[0.99999964, -0.00035887689, -0.00090908183, -0.0052431729;
 0.00035982439, 0.9999997, 0.00095762062, -0.017731363;
 0.00090862619, -0.00095787452, 0.99999952, -0.0088184709;
 0, 0, 0, 1]
[0.99998778, 0.0012977597, -0.0047904411, -0.025046224;
 -0.0012802121, 0.99999225, 0.0036626209, -0.012687273;
 0.0047949464, -0.0036563883, 0.99998218, -0.036708269;
 0, 0, 0, 1]
[0.99999642, 0.00072686718, -0.0025781987, -0.013529935;
 -0.00072192558, 0.99999785, 0.0019323451, -0.0058025941;
 0.0025795435, -0.0019305368, 0.99999505, -0.019803923;
 0, 0, 0, 1]
[0.99997985, 0.0016040019, -0.0061891861, -0.031431735;
 -0.0015748465, 0.99998778, 0.0047039925, -0.017403016;
 0.0061966553, -0.0046940926, 0.99996978, -0.046169177;
 0, 0, 0, 1]
[0.99999279, 0.00096260582, -0.0036875715, -0.018641127;
 -0.00095227017, 0.99999583, 0.002775071, -0.0098474128;
 0.003690108, -0.0027715063, 0.99998957, -0.027372468;
 0, 0, 0, 1]
[0.99999803, 0.00048331963, -0.0018166431, -0.0090835262;
 -0.00048096522, 0.99999893, 0.0013366261, -0.0042937757;
 0.0018171291, -0.0013357707, 0.99999756, -0.013366055;
 0, 0, 0, 1]
[1.0000001, -0.00024540664, -0.00050684606, -0.0021100454;
 0.00024563473, 1, 0.00028098089, -0.0026733233;
 0.00050707272, -0.00028107595, 1, -0.0036042095;
 0, 0, 0, 1]
[0.99998713, 0.0016265503, -0.0048371507, -0.024768854;
 -0.0016109337, 0.99999338, 0.0032172692, 0.0080213472;
 0.0048424923, -0.0032093839, 0.99998325, -0.035554353;
 0, 0, 0, 1]
[0.99999607, 0.00048999669, -0.0029053742, -0.01433905;
 -0.0004840281, 0.99999851, 0.0020500156, -0.0052692853;
 0.0029063327, -0.0020485627, 0.99999386, -0.021360094;
 0, 0, 0, 1]
[0.99999923, 0.00018557506, -0.0014492661, -0.0070410417;
 -0.0001840382, 0.99999952, 0.00099555682, -0.0024415022;
 0.0014493804, -0.00099521712, 0.99999845, -0.010537734;
 0, 0, 0, 1]
[0.99998373, 0.0012687974, -0.0056268135, -0.028106011;
 -0.0012447913, 0.99999022, 0.0042627323, -0.016866041;
 0.0056322603, -0.0042556305, 0.99997509, -0.041496918;
 0, 0, 0, 1]
[0.99999362, 0.00078808598, -0.0035263593, -0.017594907;
 -0.00077861408, 0.9999966, 0.0026866433, -0.011133268;
 0.0035281531, -0.0026838621, 0.99999058, -0.025977978;
 0, 0, 0, 1]
[0.99999827, -0.00012431211, -0.0019275742, -0.0090274597;
 0.00012750382, 0.99999845, 0.0016678288, -0.019763105;
 0.00192753, -0.0016680288, 0.99999672, -0.014283635;
 0, 0, 0, 1]
[0.99999994, -0.00023914345, -0.00076162623, -0.0033348643;
 0.00023969362, 0.99999952, 0.0007368176, -0.012837436;
 0.00076124258, -0.00073690939, 0.99999994, -0.0056454199;
 0, 0, 0, 1]
[0.99998623, 0.00099672389, -0.0051738448, -0.025725618;
 -0.00097547204, 0.99999088, 0.0041032578, -0.023850443;
 0.0051780874, -0.0040981509, 0.9999783, -0.038325049;
 0, 0, 0, 1]
[0.99999487, 8.7230503e-05, -0.0032669422, -0.015689034;
 -7.8160294e-05, 0.99999619, 0.0027901214, -0.028545376;
 0.0032669418, -0.0027897994, 0.99999136, -0.024317978;
 0, 0, 0, 1]
[0.99997461, 0.0012532041, -0.0070171212, -0.03479619;
 -0.0012140214, 0.99998367, 0.0055976519, -0.034838527;
 0.0070238668, -0.0055890074, 0.99995977, -0.051961694;
 0, 0, 0, 1]
[0.99994874, 0.0027153655, -0.0097482959, -0.049008977;
 -0.0026430688, 0.99996883, 0.0074188281, -0.052007746;
 0.0097679775, -0.0073926523, 0.99992526, -0.071947977;
 0, 0, 0, 1]
[0.99992597, 0.0037230705, -0.011613767, -0.059052173;
 -0.0036221733, 0.99995601, 0.0086968681, -0.037750334;
 0.011645414, -0.0086541744, 0.9998951, -0.085680246;
 0, 0, 0, 1]
[0.99991089, 0.0038426723, -0.012806511, -0.064916581;
 -0.0037188688, 0.99994653, 0.0096753985, -0.03946026;
 0.012842866, -0.0096268235, 0.99987161, -0.094531082;
 0, 0, 0, 1]
[0.99996418, 0.0019719026, -0.0082475292, -0.04133993;
 -0.0019191599, 0.99997765, 0.0063889194, -0.037043612;
 0.0082598487, -0.0063727987, 0.9999457, -0.061028551;
 0, 0, 0, 1]
[0.99994785, 0.0024027198, -0.0099347681, -0.0498523;
 -0.0023263467, 0.99996799, 0.0076837088, -0.038170852;
 0.0099529698, -0.0076601934, 0.99992096, -0.073449694;
 0, 0, 0, 1]
[0.99993384, 0.00287162, -0.011144361, -0.056191903;
 -0.0027783276, 0.99996114, 0.0083718486, -0.02785765;
 0.011167997, -0.0083403094, 0.99990296, -0.082456373;
 0, 0, 0, 1]
[0.9999243, 0.0030717039, -0.011920882, -0.053851791;
 -0.0029641429, 0.99995488, 0.0090322504, -0.030535785;
 0.011948109, -0.008996198, 0.99988824, -0.090741113;
 0, 0, 0, 1]
[0.99993318, 0.0031281817, -0.011122406, -0.078820705;
 -0.0030332461, 0.99995881, 0.008543768, -0.029665265;
 0.011148566, -0.008509418, 0.99990177, -0.15021043;
 0, 0, 0, 1]
[0.99994618, 0.0035508326, -0.0097454069, -0.08029902;
 -0.0034637386, 0.99995422, 0.0089419903, -0.02753935;
 0.0097765252, -0.0089076981, 0.99991298, -0.13050053;
 0, 0, 0, 1]
[0.99993825, -0.001074438, -0.011062355, -0.1179899;
 0.0010862789, 0.99999899, 0.001072411, -0.033817299;
 0.01106097, -0.001084317, 0.99993837, -0.14418608;
 0, 0, 0, 1]
[0.99997735, -0.00044337194, -0.0067689195, -0.11766386;
 0.00044796625, 1.0000001, 0.00066713011, -0.011152103;
 0.0067686997, -0.00067012943, 0.99997699, -0.13259494;
 0, 0, 0, 1]
[0.99990034, 0.00040735316, -0.014120971, -0.10274339;
 -0.00041462932, 0.99999988, -0.00051285059, 0.015428796;
 0.014120769, 0.00051870849, 0.9999004, -0.1452862;
 0, 0, 0, 1]
[0.9999119, -0.00085949519, -0.013244422, -0.13822699;
 0.00078619656, 0.99998474, -0.0055338661, 0.016783644;
 0.013248908, 0.0055229957, 0.99989706, -0.22720301;
 0, 0, 0, 1]
[0.99993151, -0.0019424916, -0.011597632, -0.12486553;
 0.001814055, 0.99993736, -0.011079508, 0.0018109502;
 0.011618637, 0.011057722, 0.99987137, -0.25281763;
 0, 0, 0, 1]
[0.99984115, -0.001983003, -0.017725639, -0.10932922;
 0.001869115, 0.99997783, -0.006436239, 0.019264106;
 0.017738167, 0.0064020343, 0.99982208, -0.31673193;
 0, 0, 0, 1]
[0.99964601, -0.0036116599, -0.02636864, -0.088324547;
 0.0034188817, 0.99996716, -0.007351764, 0.027986398;
 0.026394468, 0.0072589638, 0.99962515, -0.35796118;
 0, 0, 0, 1]
[0.99955666, -0.0051759179, -0.029322894, -0.042202473;
 0.0050818608, 0.99998188, -0.0032821845, 0.016343059;
 0.029339522, 0.0031317144, 0.99956447, -0.30200338;
 0, 0, 0, 1]
[0.99969363, -0.00447815, -0.024356661, -0.090302467;
 0.0044605951, 0.99998975, -0.00077637762, 0.027680809;
 0.024360165, 0.00066750008, 0.99970299, -0.35321832;
 0, 0, 0, 1]
[0.99968874, -0.0074363626, -0.023820257, -0.12689304;
 0.0073168497, 0.9999603, -0.0050999457, -0.066422567;
 0.023857262, 0.0049240682, 0.99970317, -0.42755294;
 0, 0, 0, 1]
[0.99975049, -0.0075783227, -0.021019265, -0.17871857;
 0.0074574733, 0.99995542, -0.0058235689, -0.098443106;
 0.021062631, 0.0056653894, 0.99976206, -0.44938326;
 0, 0, 0, 1]
[0.99973673, -0.0074546789, -0.021709476, -0.17338753;
 0.0073594083, 0.99996334, -0.0044644722, -0.10861446;
 0.021741956, 0.0043035368, 0.99975479, -0.37876129;
 0, 0, 0, 1]
[0.99961287, -0.0047413353, -0.027430972, -0.19545746;
 0.0047510145, 0.99998885, 0.00028535258, -0.086000055;
 0.027429417, -0.00041554216, 0.99962384, -0.43042803;
 0, 0, 0, 1]
[0.99961686, -0.00029911115, -0.027670231, -0.1985836;
 0.00055899727, 0.99995542, 0.0093829744, 0.0029141679;
 0.02766615, -0.0093948329, 0.99957305, -0.39605045;
 0, 0, 0, 1]
[0.99966961, 0.00064321776, -0.02570283, -0.19953823;
 -0.00035757714, 0.99993843, 0.011118419, 0.029406384;
 0.025708064, -0.01110557, 0.99960792, -0.40663052;
 0, 0, 0, 1]
[0.99963552, -0.00028959438, -0.027013728, -0.24966431;
 0.00056349486, 0.99994868, 0.010131982, 0.016907353;
 0.027009396, -0.0101435, 0.9995839, -0.38750505;
 0, 0, 0, 1]
[0.99963421, -0.0013618862, -0.027008737, -0.26168728;
 0.0013506633, 0.99999893, -0.00043272646, -0.052884459;
 0.027009312, 0.00039609498, 0.99963492, -0.46421814;
 0, 0, 0, 1]
[0.9997263, -0.0043773972, -0.022981755, -0.27030849;
 0.0041020866, 0.99991935, -0.01201152, -0.15035416;
 0.023032663, 0.011913941, 0.99966365, -0.45530128;
 0, 0, 0, 1]
[0.9998008, -0.0059867632, -0.019053014, -0.23190689;
 0.0056454288, 0.99982387, -0.01791814, -0.21712491;
 0.019156849, 0.017806984, 0.99965811, -0.40458012;
 0, 0, 0, 1]
[0.99987227, -0.0075977491, -0.014072148, -0.16270638;
 0.0072715357, 0.99970651, -0.023097446, -0.28810254;
 0.014243349, 0.02299224, 0.99963462, -0.23361683;
 0, 0, 0, 1]
[0.99987763, -0.0074409954, -0.013770256, -0.18588829;
 0.0071376665, 0.99973375, -0.021946751, -0.26702306;
 0.013929891, 0.021845754, 0.99966455, -0.25626087;
 0, 0, 0, 1]
[0.99984729, -0.0056262636, -0.016561234, -0.19528389;
 0.0054008975, 0.99989283, -0.013625341, -0.1880406;
 0.016636193, 0.013533791, 0.99977016, -0.27742958;
 0, 0, 0, 1]
[0.99981719, -0.005544039, -0.018295756, -0.1911869;
 0.0053817243, 0.99994576, -0.0089052515, -0.16442898;
 0.018344089, 0.0088052014, 0.99979281, -0.34971189;
 0, 0, 0, 1]
[0.99990243, -0.0024608041, -0.013756871, -0.18576622;
 0.0024471525, 0.99999654, -0.0010125302, -0.070624381;
 0.013759466, 0.00097879721, 0.99990487, -0.33123684;
 0, 0, 0, 1]
[0.99999183, -0.0026133305, -0.0032488871, -0.14574814;
 0.0026096441, 0.99999636, -0.0011332536, -0.056955978;
 0.0032516862, 0.0011247457, 0.99999428, -0.17486811;
 0, 0, 0, 1]
[0.99999595, -0.0028094975, 0.00093177753, -0.10070038;
 0.0028142452, 0.99998242, -0.0052627018, -0.081229985;
 -0.00091683026, 0.0052652042, 0.99998564, -0.10329294;
 0, 0, 0, 1]
[1.0000002, 0.00019478741, 7.0245937e-05, -0.1353817;
 -0.00019456893, 0.99999446, -0.0034362143, -0.012588724;
 -7.1011484e-05, 0.0034361859, 0.99999434, -0.03478384;
 0, 0, 0, 1]
[0.99999255, -0.00090460386, -0.0038302103, -0.15721512;
 0.00088212581, 0.99998242, -0.0058679348, -0.096779719;
 0.0038356357, 0.0058644852, 0.99997538, -0.12126541;
 0, 0, 0, 1]
[0.99998379, -0.0036285645, -0.0043527395, -0.16905785;
 0.0035983529, 0.99996978, -0.0069314088, -0.18072528;
 0.0043775882, 0.0069156885, 0.99996674, -0.13616943;
 0, 0, 0, 1]
[0.99997157, -0.0063873758, -0.0040270323, -0.13469887;
 0.0063487208, 0.99993467, -0.0095316917, -0.27732483;
 0.0040876362, 0.0095058205, 0.99994671, -0.10047913;
 0, 0, 0, 1]
[0.99993545, -0.0080287894, -0.0080900798, -0.17902565;
 0.0079217553, 0.99988216, -0.013181397, -0.36800581;
 0.0081948973, 0.013116475, 0.99988067, -0.20430279;
 0, 0, 0, 1]
[0.99989355, -0.0099471239, -0.010677584, -0.2302494;
 0.0097588291, 0.99979842, -0.017546233, -0.46583027;
 0.010849854, 0.017440125, 0.99978918, -0.30092525;
 0, 0, 0, 1]
[0.99985868, -0.011208654, -0.012537869, -0.26716042;
 0.010949859, 0.99972969, -0.02052423, -0.52941245;
 0.012764439, 0.020384056, 0.99971092, -0.37160397;
 0, 0, 0, 1]
[0.9999162, -0.0084193107, -0.0098097567, -0.21113968;
 0.0082620783, 0.99983835, -0.015963117, -0.42071363;
 0.0099427216, 0.015880724, 0.99982405, -0.25344181;
 0, 0, 0, 1]
[0.99988657, -0.0088940943, -0.012169024, -0.23155403;
 0.0086876815, 0.99981928, -0.016911328, -0.43971103;
 0.012317201, 0.016803686, 0.99978316, -0.31292248;
 0, 0, 0, 1]
[0.99986196, -0.0091762217, -0.013866968, -0.24564362;
 0.0089334222, 0.99980742, -0.017467426, -0.44847852;
 0.014024578, 0.017341129, 0.99975145, -0.35529804;
 0, 0, 0, 1]
[0.99985415, -0.0082444455, -0.014950014, -0.2729435;
 0.00799077, 0.99982458, -0.016951548, -0.40280652;
 0.015087163, 0.016829628, 0.9997443, -0.41026592;
 0, 0, 0, 1]
[0.99984044, -0.0085716983, -0.015673399, -0.2730217;
 0.0083015691, 0.99981713, -0.01722404, -0.41295451;
 0.0158183, 0.017091172, 0.99972886, -0.42001152;
 0, 0, 0, 1]
[0.99983233, -0.0096303355, -0.015578227, -0.28809357;
 0.0093313884, 0.99977309, -0.01914946, -0.45391285;
 0.015759042, 0.019000884, 0.99969524, -0.43811607;
 0, 0, 0, 1]
[0.99982911, -0.009530196, -0.0158551, -0.28040504;
 0.0092339991, 0.99978358, -0.018648116, -0.44626993;
 0.016029416, 0.018498531, 0.99970019, -0.43180752;
 0, 0, 0, 1]
[0.99982804, -0.010242539, -0.0154594, -0.29001999;
 0.0099330116, 0.99975115, -0.019970007, -0.47309738;
 0.01565999, 0.01981301, 0.99968088, -0.43908882;
 0, 0, 0, 1]
[0.99983096, -0.010518617, -0.015064424, -0.29588127;
 0.010203752, 0.99973106, -0.020829195, -0.47502151;
 0.0152796, 0.020671967, 0.99966937, -0.44108295;
 0, 0, 0, 1]
[0.99983442, -0.01001692, -0.015199676, -0.28170776;
 0.009719261, 0.99976164, -0.019531883, -0.45432073;
 0.015391767, 0.019380944, 0.99969375, -0.42466259;
 0, 0, 0, 1]
[0.99983776, -0.0095946668, -0.015253395, -0.2700901;
 0.0093124965, 0.99978596, -0.018465085, -0.43719178;
 0.015427348, 0.01832005, 0.99971294, -0.4105072;
 0, 0, 0, 1]
[0.99984866, -0.0083613973, -0.015271777, -0.26180267;
 0.0080879424, 0.99980778, -0.017877642, -0.38185018;
 0.01541834, 0.017751381, 0.99972373, -0.39890862;
 0, 0, 0, 1]
[0.99984932, -0.0083437478, -0.015228136, -0.25482941;
 0.008081981, 0.99981993, -0.017179776, -0.38289979;
 0.015368855, 0.017054081, 0.99973643, -0.38984299;
 0, 0, 0, 1]
[0.99992698, -0.0056724958, -0.01066369, -0.18753052;
 0.0055437936, 0.99991196, -0.012052368, -0.28193894;
 0.010731138, 0.011992386, 0.9998706, -0.23801708;
 0, 0, 0, 1]
[0.99990952, -0.0072694873, -0.01133539, -0.21851921;
 0.0071016583, 0.99986583, -0.014778415, -0.34741938;
 0.011441183, 0.014696558, 0.99982679, -0.28794003;
 0, 0, 0, 1]
[0.99995512, -0.0058514639, -0.0074491007, -0.18096161;
 0.0057593673, 0.99990743, -0.012332725, -0.29589355;
 0.0075206654, 0.012289247, 0.99989611, -0.18437958;
 0, 0, 0, 1]
[0.99992967, -0.0075383736, -0.0091957394, -0.21717453;
 0.007397763, 0.99985695, -0.015231369, -0.36312681;
 0.0093093347, 0.015162205, 0.99984205, -0.2561245;
 0, 0, 0, 1]
[0.99990636, -0.0080110347, -0.011139492, -0.22820663;
 0.0078361444, 0.99984682, -0.01565491, -0.37997454;
 0.011263208, 0.015566172, 0.99981558, -0.29841232;
 0, 0, 0, 1]
[0.999955, -0.005016739, -0.0080651734, -0.192873;
 0.0049334513, 0.99993503, -0.010312321, -0.2523002;
 0.008116331, 0.010272071, 0.99991411, -0.21243572;
 0, 0, 0, 1]
[0.99992639, -0.0061657992, -0.010438837, -0.21114731;
 0.0060395296, 0.9999088, -0.012085566, -0.29889429;
 0.010512101, 0.012021677, 0.99987274, -0.26884556;
 0, 0, 0, 1]
[0.9999007, -0.0068937931, -0.012277503, -0.22561264;
 0.0067275907, 0.99988592, -0.013534291, -0.32110241;
 0.012369241, 0.013450343, 0.99983311, -0.3128643;
 0, 0, 0, 1]
[0.99987793, -0.0076595847, -0.013643058, -0.23651505;
 0.0074590924, 0.99986452, -0.014686221, -0.3541837;
 0.01375383, 0.014582637, 0.99979925, -0.34594345;
 0, 0, 0, 1]
[0.99985957, -0.0082245767, -0.014595462, -0.24428558;
 0.0079975147, 0.99984711, -0.015546747, -0.37885046;
 0.014720928, 0.015427874, 0.99977279, -0.36925983;
 0, 0, 0, 1]
[0.9999252, -0.0059317062, -0.010713506, -0.18712997;
 0.0058080815, 0.99991667, -0.011531806, -0.29290676;
 0.010780871, 0.011468731, 0.99987632, -0.23950577;
 0, 0, 0, 1]
[0.99996042, -0.0050636237, -0.0073101763, -0.16187668;
 0.0049875975, 0.9999339, -0.010386156, -0.26366004;
 0.0073623937, 0.010349272, 0.99991918, -0.15834141;
 0, 0, 0, 1]
[0.99998128, -0.0031921889, -0.0052616871, -0.14593124;
 0.0031564424, 0.99997205, -0.0067913323, -0.18785718;
 0.0052832537, 0.0067745103, 0.9999634, -0.11267948;
 0, 0, 0, 1]
[0.99995077, -0.0058425227, -0.0080300234, -0.19799232;
 0.0057479837, 0.99991471, -0.011747281, -0.29480138;
 0.0080977548, 0.011700519, 0.99989897, -0.2171669;
 0, 0, 0, 1]
[0.99995714, -0.0068770298, -0.0062245014, -0.20598602;
 0.0068086446, 0.99991697, -0.010956622, -0.31113446;
 0.0062995064, 0.010913738, 0.99992055, -0.16055489;
 0, 0, 0, 1]
[0.9999246, -0.0078310166, -0.0094586592, -0.22630501;
 0.0077059213, 0.99988377, -0.013190722, -0.354303;
 0.0095608085, 0.013116807, 0.99986833, -0.24321461;
 0, 0, 0, 1]
[0.99989259, -0.0085016014, -0.011920632, -0.24077415;
 0.0083242971, 0.99985462, -0.014853637, -0.38523102;
 0.012045284, 0.014752816, 0.99981821, -0.30601215;
 0, 0, 0, 1]
[0.99994183, -0.005790269, -0.0091156252, -0.20664215;
 0.0056957612, 0.99993002, -0.010360301, -0.28122127;
 0.0091747548, 0.010307773, 0.99990517, -0.23240852;
 0, 0, 0, 1]
[0.99996608, -0.0042221355, -0.0070649623, -0.16173744;
 0.0041653328, 0.99995917, -0.0080422582, -0.22424677;
 0.0070986426, 0.0080125835, 0.99994248, -0.15026855;
 0, 0, 0, 1]
[0.99993205, -0.0066124019, -0.0096159345, -0.20941353;
 0.0064885044, 0.99989676, -0.012857256, -0.32266927;
 0.0096998606, 0.012793945, 0.99987108, -0.25079918;
 0, 0, 0, 1]
[0.9999032, -0.0071430756, -0.011945477, -0.24676895;
 0.0069799735, 0.99988222, -0.013644821, -0.34104884;
 0.012041714, 0.013560083, 0.99983555, -0.33815098;
 0, 0, 0, 1]
[0.99988049, -0.0081572542, -0.013139103, -0.29091263;
 0.0079469383, 0.99984097, -0.015983444, -0.37308902;
 0.013267556, 0.015877085, 0.99978566, -0.41624641;
 0, 0, 0, 1]
[0.99993223, -0.0060083321, -0.0099963946, -0.22367859;
 0.0058859061, 0.99990797, -0.012235181, -0.2938596;
 0.010068724, 0.012175506, 0.99987566, -0.28291988;
 0, 0, 0, 1]
[0.99990183, -0.0070734499, -0.012095344, -0.23442841;
 0.0069039543, 0.99987823, -0.014000811, -0.33746576;
 0.012192728, 0.013915936, 0.99982905, -0.32567692;
 0, 0, 0, 1]
[0.99994493, -0.005192949, -0.0091339322, -0.17977905;
 0.00509529, 0.99993008, -0.010684174, -0.26665425;
 0.0091887238, 0.010636985, 0.99990147, -0.21176529;
 0, 0, 0, 1]
[0.99991775, -0.0060216463, -0.011333052, -0.22085571;
 0.0058878553, 0.99991262, -0.011803658, -0.29660881;
 0.011403223, 0.011735993, 0.99986619, -0.29848003;
 0, 0, 0, 1]
[0.99988925, -0.007138581, -0.013068043, -0.23360252;
 0.0069590919, 0.99988174, -0.013728729, -0.34133103;
 0.013164699, 0.013636267, 0.99982041, -0.33780861;
 0, 0, 0, 1]
[0.99993891, -0.0050890232, -0.0097929332, -0.18027878;
 0.0049859388, 0.99993211, -0.010523256, -0.25563049;
 0.0098458733, 0.010473795, 0.99989653, -0.22049809;
 0, 0, 0, 1]
[0.99996722, -0.0035757439, -0.0073207403, -0.140625;
 0.0035161593, 0.99996054, -0.0081466204, -0.19192202;
 0.0073498446, 0.0081205936, 0.99994022, -0.13345051;
 0, 0, 0, 1]
[0.99993837, -0.0057513029, -0.0095041683, -0.21206474;
 0.0056382129, 0.99991345, -0.011886713, -0.2800166;
 0.0095716249, 0.011832408, 0.99988449, -0.25841618;
 0, 0, 0, 1]
[0.99990594, -0.0070590111, -0.011764858, -0.23025131;
 0.006894581, 0.99987906, -0.013963521, -0.33405411;
 0.011861768, 0.013881065, 0.99983341, -0.31262207;
 0, 0, 0, 1]
[0.99987745, -0.0088537401, -0.012948193, -0.26029968;
 0.0086293584, 0.99981397, -0.017285105, -0.40837407;
 0.013098706, 0.017171249, 0.99976724, -0.36756897;
 0, 0, 0, 1]
[0.99985415, -0.010126583, -0.013753211, -0.2812233;
 0.0098555936, 0.99975878, -0.019632915, -0.46095634;
 0.013948759, 0.019494556, 0.99971271, -0.40592003;
 0, 0, 0, 1]
[0.99984431, -0.010498075, -0.014176847, -0.31340408;
 0.010211451, 0.99974519, -0.020140629, -0.47422722;
 0.014384837, 0.019992694, 0.99969661, -0.45696354;
 0, 0, 0, 1]
[0.99983746, -0.010082399, -0.014955496, -0.29922104;
 0.0097898683, 0.99976176, -0.019511081, -0.45048213;
 0.015148483, 0.019361522, 0.99969786, -0.44787598;
 0, 0, 0, 1]
[0.99983692, -0.010245312, -0.01487211, -0.32186508;
 0.0099521829, 0.99975735, -0.019652875, -0.45770779;
 0.015069626, 0.01950169, 0.99969625, -0.47879219;
 0, 0, 0, 1]
[0.99983388, -0.01065678, -0.014775127, -0.29903793;
 0.010347794, 0.9997291, -0.020837622, -0.48052496;
 0.014993148, 0.020681255, 0.99967366, -0.48045826;
 0, 0, 0, 1]
[0.99983269, -0.010992711, -0.01464425, -0.29927826;
 0.010677873, 0.99971342, -0.021406256, -0.49577957;
 0.014875507, 0.02124629, 0.99966371, -0.46856308;
 0, 0, 0, 1]
[0.99983466, -0.010328092, -0.014976268, -0.28129578;
 0.010029593, 0.99975228, -0.019872382, -0.46937752;
 0.015177781, 0.0197189, 0.99969012, -0.44078636;
 0, 0, 0, 1]
[0.99992102, -0.0074504614, -0.010111814, -0.24110603;
 0.0073005538, 0.99986434, -0.014780131, -0.35756958;
 0.010220584, 0.014705156, 0.99983943, -0.31448746;
 0, 0, 0, 1]
[0.99990225, -0.0084840972, -0.011090696, -0.25502396;
 0.0082984986, 0.99982643, -0.016673721, -0.39919972;
 0.011230269, 0.016580051, 0.99979925, -0.34058189;
 0, 0, 0, 1]
[0.99988669, -0.0092009259, -0.011898922, -0.24731255;
 0.0089816684, 0.99979103, -0.018349936, -0.43088847;
 0.012065, 0.018241044, 0.99976093, -0.37194633;
 0, 0, 0, 1]
[0.99994314, -0.0069458424, -0.0080705537, -0.19900322;
 0.0068259886, 0.99986708, -0.014792348, -0.33683503;
 0.0081720119, 0.014736452, 0.9998582, -0.24155521;
 0, 0, 0, 1]
[0.99991965, -0.0079923104, -0.0097954422, -0.22670555;
 0.0078270985, 0.99982828, -0.016790424, -0.37117717;
 0.0099278931, 0.016712463, 0.99981099, -0.29220581;
 0, 0, 0, 1]
[0.99989659, -0.0090225693, -0.011201232, -0.24890327;
 0.0088160466, 0.9997927, -0.018353799, -0.41416627;
 0.011364499, 0.018253161, 0.99976897, -0.33395386;
 0, 0, 0, 1]
[0.99990004, -0.0072186203, -0.012193643, -0.24397087;
 0.0071188253, 0.99994111, -0.0082119191, -0.25575829;
 0.01225243, 0.0081243347, 0.99989194, -0.33705521;
 0, 0, 0, 1]
[0.99996078, -0.0024757884, -0.0085451119, -0.21567154;
 0.0024732915, 0.99999738, -0.00030303944, -0.066156238;
 0.0085457116, 0.0002818795, 0.99996382, -0.17298985;
 0, 0, 0, 1]
[0.99998224, 6.9712623e-05, -0.0059769363, -0.18569946;
 -7.4559386e-05, 0.99999988, -0.00080538495, -0.024650268;
 0.0059768581, 0.00080582104, 0.99998224, -0.10443449;
 0, 0, 0, 1]
[0.99999797, -0.0016897478, 0.001486354, -0.12516403;
 0.0016900905, 0.99999911, -0.00019368686, -0.071718231;
 -0.0014859303, 0.00019619311, 0.99999905, 0.044584751;
 0, 0, 0, 1]
[0.99999839, -0.00037596433, -0.0016415808, -0.14121437;
 0.00037760768, 0.9999994, 0.0010185273, -0.027022481;
 0.0016410816, -0.0010191151, 0.99999785, 0.011600494;
 0, 0, 0, 1]
[0.99998879, 0.001559803, -0.0045638699, -0.14800644;
 -0.0015480189, 0.99999541, 0.0025973418, 0.025306717;
 0.0045679733, -0.0025902351, 0.99998653, -0.044239044;
 0, 0, 0, 1]
[0.99998748, 0.00021402657, -0.0050782626, -0.14088631;
 -0.00022280666, 0.99999893, -0.0017157253, 0.00046529621;
 0.0050779926, 0.0017168075, 0.99998564, -0.068461418;
 0, 0, 0, 1]
[0.99999994, -0.00077120867, -0.00089922268, -0.1553688;
 0.00076775212, 0.99999219, -0.0039540832, -0.028872341;
 0.00090241339, 0.0039534546, 0.99999225, -0.030148506;
 0, 0, 0, 1]
[0.99996173, -0.0066106315, -0.0057428991, -0.17993355;
 0.0065165288, 0.99984664, -0.016240031, -0.18013066;
 0.0058494471, 0.01620199, 0.99985158, -0.15514994;
 0, 0, 0, 1]
[0.9999249, -0.0037161182, -0.011740378, -0.13322449;
 0.0036002721, 0.99994546, -0.0098755164, -0.092604056;
 0.011776385, 0.0098325312, 0.99988282, -0.27434617;
 0, 0, 0, 1]
[0.99993598, -0.0029172215, -0.01092788, -0.079216003;
 0.0028180741, 0.99995488, -0.0090770852, -0.070663959;
 0.010953789, 0.0090456754, 0.99989921, -0.17095724;
 0, 0, 0, 1]
[0.99990839, -0.0030592931, -0.013206337, -0.073766708;
 0.0029197717, 0.99993956, -0.010574866, -0.061384007;
 0.013237939, 0.010535412, 0.99985707, -0.31396532;
 0, 0, 0, 1]
[0.99988365, -0.004363379, -0.014635562, -0.10560226;
 0.0041695996, 0.99990374, -0.013243115, -0.10293747;
 0.014692152, 0.013180595, 0.99980509, -0.43153858;
 0, 0, 0, 1]
[0.9999277, -0.0040360708, -0.011321064, -0.12795448;
 0.0038798563, 0.9998973, -0.013785511, -0.055851445;
 0.011375752, 0.013740569, 0.99984068, -0.34118724;
 0, 0, 0, 1]
[0.99998236, -0.0040343604, -0.0043818718, -0.12465286;
 0.0039653005, 0.99986976, -0.015632719, -0.041498423;
 0.0044443686, 0.015615091, 0.99986833, -0.15741611;
 0, 0, 0, 1]
[0.99992639, -0.0034547802, -0.0116174, -0.074926376;
 0.0033016154, 0.9999072, -0.013187133, -0.010839917;
 0.011661712, 0.013147885, 0.99984568, -0.32853031;
 0, 0, 0, 1]
[0.99984145, -0.0043358561, -0.017249761, -0.04294014;
 0.0041647656, 0.99994147, -0.0099405739, -0.038679078;
 0.017291671, 0.0098672491, 0.99980164, -0.44502926;
 0, 0, 0, 1]
[0.99991977, -0.0037910608, -0.012088299, -0.051393509;
 0.0036822404, 0.99995279, -0.0090063466, -0.0077595487;
 0.012121856, 0.0089611001, 0.99988627, -0.29455566;
 0, 0, 0, 1]
[0.99992412, -0.0051218811, -0.011223081, -0.070466995;
 0.0049765627, 0.99990439, -0.012934007, 0.010135941;
 0.011288218, 0.012877169, 0.99985349, -0.35444593;
 0, 0, 0, 1]
[0.99992645, -0.0052058543, -0.010962189, -0.08180809;
 0.0050376742, 0.99987, -0.015307063, 0.041595891;
 0.011040606, 0.015250724, 0.9998228, -0.3352437;
 0, 0, 0, 1]
[0.9999603, -0.0053466125, -0.0071057095, -0.12828636;
 0.005234526, 0.99986297, -0.015705317, 0.010628209;
 0.0071884915, 0.015667535, 0.99985141, -0.23766613;
 0, 0, 0, 1]
[0.99992728, -0.0050368486, -0.01093359, -0.049379349;
 0.0049023475, 0.99991226, -0.012297008, 0.019348517;
 0.010994613, 0.012242556, 0.9998644, -0.36477566;
 0, 0, 0, 1]
[0.99987179, -0.0061914958, -0.014786792, -0.0058917999;
 0.0060309991, 0.99992323, -0.010870339, -0.00094795227;
 0.014852748, 0.010779809, 0.99983168, -0.50080681;
 0, 0, 0, 1]
[0.99985361, -0.0047166445, -0.016466301, 0.014957428;
 0.0045521786, 0.99993956, -0.010014224, 0.010619976;
 0.016512748, 0.0099378293, 0.99981451, -0.48371792;
 0, 0, 0, 1]
[0.99995726, -0.0034995636, -0.0085826721, -0.056428909;
 0.0034302152, 0.99996144, -0.0080945436, 0.01953043;
 0.0086105969, 0.0080648009, 0.99993062, -0.28471088;
 0, 0, 0, 1]
[0.99996853, -0.0039878334, -0.0068977741, -0.045789719;
 0.0039006292, 0.99991274, -0.012621187, 0.049102806;
 0.0069474881, 0.012593922, 0.999897, -0.26650524;
 0, 0, 0, 1]
[0.99998009, -0.001974754, -0.0060416101, -0.052536011;
 0.0019236055, 0.99996263, -0.0084523503, 0.079781145;
 0.0060581891, 0.0084405327, 0.99994624, -0.21159554;
 0, 0, 0, 1]
[0.99993885, -0.00018762257, -0.011080383, 0.0317173;
 0.00018729817, 1.0000001, -3.7171878e-05, 0.028546438;
 0.011080295, 3.5167206e-05, 0.99993873, -0.32419491;
 0, 0, 0, 1]
[0.99992639, 0.00071283948, -0.012144364, 0.088769913;
 -0.00070413854, 0.99999958, 0.00071811094, 0.03064169;
 0.012144916, -0.00070947432, 0.99992621, -0.3159256;
 0, 0, 0, 1]
[0.99991536, -0.00050438917, -0.012983517, 0.081352234;
 0.00045171758, 0.99999177, -0.004061928, 0.076478072;
 0.012985233, 0.0040557641, 0.99990749, -0.37984371;
 0, 0, 0, 1]
[0.99982858, -0.0012583355, -0.0184834, 0.11584663;
 0.001236061, 0.99999815, -0.0012188738, 0.0025367513;
 0.018484795, 0.001195933, 0.99982905, -0.60493565;
 0, 0, 0, 1]
[0.99991941, 0.0020281982, -0.012558997, 0.020401001;
 -0.00197843, 0.9999904, 0.0039745043, 0.049610205;
 0.012566864, -0.0039493055, 0.99991345, -0.45166588;
 0, 0, 0, 1]
[0.99985003, 0.00050832197, -0.017332423, 0.11126518;
 -0.00048099461, 0.99999905, 0.0015829226, 0.066190571;
 0.017333031, -0.0015743773, 0.9998489, -0.61854935;
 0, 0, 0, 1]
[0.99980611, -0.00047065396, -0.019712746, 0.15073776;
 0.00046676054, 1.0000004, -0.00019755634, 0.072897643;
 0.019712806, 0.00018836418, 0.99980599, -0.644701;
 0, 0, 0, 1]
[0.99974859, -0.0015297232, -0.02237606, 0.20536995;
 0.0014865987, 0.99999732, -0.0019499417, 0.084938958;
 0.022378946, 0.0019162311, 0.99974769, -0.74986649;
 0, 0, 0, 1]
[0.99970663, -0.0023243793, -0.024113577, 0.2406292;
 0.0022449135, 0.99999213, -0.0033194409, 0.093325444;
 0.02412088, 0.003264314, 0.99970406, -0.81936359;
 0, 0, 0, 1]
[0.99968022, -0.0028855014, -0.025127355, 0.2603817;
 0.0027773147, 0.99998647, -0.0043339301, 0.098420933;
 0.025139341, 0.0042627272, 0.99967492, -0.86065483;
 0, 0, 0, 1]
[0.9996835, -0.0026469938, -0.025036989, 0.25395012;
 0.0025614158, 0.99999112, -0.0034450104, 0.095039487;
 0.025045853, 0.0033796818, 0.99968094, -0.83386421;
 0, 0, 0, 1]
[0.99967575, -0.0030501995, -0.025285169, 0.25885963;
 0.0029442268, 0.99998689, -0.0042230254, 0.074574649;
 0.02529758, 0.0041471412, 0.99967158, -0.85197639;
 0, 0, 0, 1]
[0.99969119, -0.0026800167, -0.024704382, 0.24326324;
 0.0025994419, 0.99999112, -0.0032893219, 0.076178327;
 0.024712794, 0.003224063, 0.99968952, -0.81148529;
 0, 0, 0, 1]
[0.99969178, -0.0028523335, -0.024677599, 0.24296761;
 0.0027473588, 0.9999873, -0.0042836843, 0.078571498;
 0.024689641, 0.0042145099, 0.99968642, -0.82295418;
 0, 0, 0, 1]
[0.99970841, -0.0029887033, -0.023966987, 0.2256546;
 0.0029154855, 0.99999136, -0.0030911902, 0.072597757;
 0.023975991, 0.003020385, 0.99970818, -0.78044415;
 0, 0, 0, 1]
[0.99970764, -0.0036688424, -0.023915831, 0.22542953;
 0.0035792852, 0.99998677, -0.0037878149, 0.073228806;
 0.023929501, 0.0037010654, 0.99970669, -0.79310322;
 0, 0, 0, 1]
[0.99971002, -0.0036243873, -0.02381569, 0.22439575;
 0.0035180519, 0.9999842, -0.0045052115, 0.080422238;
 0.02383149, 0.004420164, 0.99970639, -0.80073738;
 0, 0, 0, 1]
[0.99971294, -0.0034776796, -0.023701508, 0.22280502;
 0.0033540495, 0.99998027, -0.005254515, 0.072422296;
 0.023719208, 0.005173577, 0.99970531, -0.80498505;
 0, 0, 0, 1]
[0.99971634, -0.0034108721, -0.023575328, 0.22091293;
 0.0032814397, 0.99997926, -0.0055269422, 0.079665221;
 0.023593649, 0.0054480294, 0.99970686, -0.80622482;
 0, 0, 0, 1]
[0.99971908, -0.0033399626, -0.023455258, 0.2190094;
 0.0032077732, 0.9999789, -0.0056747198, 0.085077114;
 0.023473607, 0.0055979411, 0.99970889, -0.80563354;
 0, 0, 0, 1]
[0.99972045, -0.003789068, -0.023352157, 0.21701622;
 0.0036608297, 0.99997813, -0.0055324612, 0.082285859;
 0.023372516, 0.005445431, 0.99971235, -0.80409241;
 0, 0, 0, 1]
[0.99973315, -0.0040847771, -0.022750735, 0.20145798;
 0.0039285067, 0.99996835, -0.0069153905, 0.079052038;
 0.022778271, 0.0068242014, 0.99971771, -0.75614834;
 0, 0, 0, 1]
[0.99973309, -0.0037810351, -0.022821315, 0.20406532;
 0.0036322819, 0.99997222, -0.0065542432, 0.084093764;
 0.022845475, 0.0064696069, 0.99971831, -0.76617908;
 0, 0, 0, 1]
[0.99972975, -0.0040481486, -0.022886932, 0.2061348;
 0.0039113127, 0.99997377, -0.0060211499, 0.081156686;
 0.022910923, 0.00593, 0.9997198, -0.77440453;
 0, 0, 0, 1]
[0.9997291, -0.0039996952, -0.02293732, 0.20798302;
 0.0038734106, 0.99997747, -0.0055465396, 0.076094165;
 0.022958834, 0.0054562306, 0.99972188, -0.78052711;
 0, 0, 0, 1]
[0.99972725, -0.0041730907, -0.022986367, 0.20931625;
 0.0040542595, 0.99997842, -0.0052147456, 0.075094879;
 0.023007629, 0.005120114, 0.99972248, -0.7853384;
 0, 0, 0, 1]
[0.99972773, -0.0037701868, -0.023025047, 0.21056175;
 0.0036519556, 0.99997997, -0.0051731644, 0.081097871;
 0.023044039, 0.0050877617, 0.99972153, -0.78870201;
 0, 0, 0, 1]
[0.99972808, -0.0034580745, -0.023053542, 0.21145058;
 0.003340251, 0.99998122, -0.0051488308, 0.085602805;
 0.023070989, 0.0050704451, 0.99972105, -0.79090118;
 0, 0, 0, 1]
[0.99972874, -0.0032282132, -0.023074202, 0.21204758;
 0.0031104095, 0.99998218, -0.0051380908, 0.088819794;
 0.023090243, 0.0050649857, 0.99972069, -0.79216385;
 0, 0, 0, 1]
[0.99972743, -0.003586076, -0.023089113, 0.21219635;
 0.0034729133, 0.99998212, -0.0049386267, 0.084334217;
 0.023106443, 0.0048570619, 0.99972135, -0.79278469;
 0, 0, 0, 1]
[0.99972934, -0.0034283779, -0.023019873, 0.19370651;
 0.0033403349, 0.99998701, -0.0038635954, 0.082183443;
 0.023032695, 0.0037856495, 0.99972761, -0.8161459;
 0, 0, 0, 1]
[0.99972779, -0.0036231689, -0.023047823, 0.19882011;
 0.0035286802, 0.99998528, -0.0041387016, 0.074883342;
 0.023062602, 0.004056247, 0.99972564, -0.80977154;
 0, 0, 0, 1]
[0.99972874, -0.0033772213, -0.023064893, 0.20313835;
 0.003274997, 0.99998492, -0.0044693812, 0.08042635;
 0.023079699, 0.0043926015, 0.99972427, -0.80404758;
 0, 0, 0, 1]
[0.99974132, -0.0031591372, -0.022518, 0.19217682;
 0.0030908752, 0.99999017, -0.0030621537, 0.064374007;
 0.022527525, 0.0029917425, 0.99974149, -0.75244141;
 0, 0, 0, 1]
[0.99973834, -0.0030429407, -0.022678006, 0.19867706;
 0.0029593029, 0.99998885, -0.0037219676, 0.072983891;
 0.022688959, 0.0036538832, 0.99973601, -0.76136398;
 0, 0, 0, 1]
[0.99973357, -0.0035361513, -0.022819396, 0.20354843;
 0.0034415775, 0.99998534, -0.0041849394, 0.06416364;
 0.022833895, 0.0041052778, 0.99973089, -0.7694931;
 0, 0, 0, 1]
[0.99973208, -0.0033436238, -0.022923918, 0.20752907;
 0.0032385569, 0.99998409, -0.0046200482, 0.073542662;
 0.022939177, 0.0045445454, 0.99972701, -0.77598;
 0, 0, 0, 1]
[0.99973029, -0.0031989221, -0.023002122, 0.21041489;
 0.0030860796, 0.99998271, -0.0049423701, 0.080784559;
 0.023017472, 0.0048700944, 0.99972349, -0.78121567;
 0, 0, 0, 1]
[0.99972951, -0.0030953786, -0.023058454, 0.21234703;
 0.0029770341, 0.99998182, -0.0051662358, 0.086102642;
 0.023074124, 0.0050962926, 0.99972069, -0.78513145;
 0, 0, 0, 1]
[0.9997291, -0.0030267949, -0.023095528, 0.21352959;
 0.0029049707, 0.99998188, -0.0053135948, 0.089794964;
 0.02311109, 0.0052451268, 0.99971938, -0.78794861;
 0, 0, 0, 1]
[0.99972862, -0.0028628721, -0.02311831, 0.21426392;
 0.0027362353, 0.99998105, -0.0055107418, 0.087884761;
 0.023133745, 0.0054460759, 0.99971741, -0.78991795;
 0, 0, 0, 1]
