[0.99980015, 0.0037704296, 0.01963714, 0.03274516;
 -0.0045064711, 0.99928349, 0.037574317, 0.35969421;
 -0.019481616, -0.037655402, 0.99910122, -0.3051348;
 0, 0, 0, 1]
[0.99986953, 0.0054319687, 0.015204865, 0.10411353;
 -0.0061226082, 0.99893355, 0.045755327, 0.46717614;
 -0.01494009, -0.04584251, 0.99883711, -0.079816416;
 0, 0, 0, 1]
[0.99972975, 0.0085003618, 0.021646835, 0.2403907;
 -0.0097205983, 0.9983328, 0.056904607, 0.6190235;
 -0.021126963, -0.057099611, 0.99814504, 0.252101;
 0, 0, 0, 1]
[0.99973965, 0.0098950509, 0.02056233, 0.25525379;
 -0.01105987, 0.99829376, 0.057332087, 0.69409341;
 -0.019960016, -0.057544637, 0.99814349, 0.32057273;
 0, 0, 0, 1]
[0.99991524, 0.0069042211, 0.011050609, 0.20137997;
 -0.0074388017, 0.99876618, 0.049097862, 0.6893217;
 -0.010697535, -0.049175732, 0.99873257, 0.27010041;
 0, 0, 0, 1]
[0.99989963, 0.0079475353, 0.011738177, 0.18335542;
 -0.0085583255, 0.99856073, 0.052948173, 0.6538415;
 -0.011300677, -0.053043377, 0.99852866, 0.25084618;
 0, 0, 0, 1]
[0.99982357, 0.0085188588, 0.01673826, 0.12459183;
 -0.0093573658, 0.99867141, 0.050674643, 0.59380335;
 -0.016284367, -0.050822351, 0.99857485, 0.12823687;
 0, 0, 0, 1]
[0.99988949, 0.0064549041, 0.01337795, 0.11765836;
 -0.0070285397, 0.99903804, 0.043286216, 0.571913;
 -0.013085641, -0.043375406, 0.99897301, 0.074732855;
 0, 0, 0, 1]
[0.99981016, 0.0075475625, 0.017957086, 0.073362663;
 -0.0083004255, 0.99907374, 0.042222932, 0.49824011;
 -0.017622028, -0.042364169, 0.99894696, -0.014763607;
 0, 0, 0, 1]
[0.99966419, 0.0086919097, 0.024404582, 0.1594426;
 -0.0097886808, 0.99893028, 0.045187782, 0.46947685;
 -0.023985976, -0.045411497, 0.99868053, 0.063128814;
 0, 0, 0, 1]
[0.99965554, 0.0069071255, 0.025307819, 0.13928774;
 -0.0079611326, 0.99909472, 0.041783422, 0.44720197;
 -0.024996184, -0.041970577, 0.99880552, 0.012345588;
 0, 0, 0, 1]
[0.99975741, 0.0063802409, 0.02106603, 0.02527261;
 -0.0071984725, 0.99921364, 0.038986303, 0.44564164;
 -0.020800587, -0.039128542, 0.9990176, 0.015636999;
 0, 0, 0, 1]
[0.99970013, 0.0067676399, 0.023530956, -0.024410671;
 -0.0077768723, 0.99904156, 0.043070097, 0.42373008;
 -0.023216844, -0.04324032, 0.99879497, -0.0878518;
 0, 0, 0, 1]
[0.99979931, 0.0028429055, 0.019822912, -0.20726483;
 -0.0035569507, 0.99934232, 0.036083169, 0.39571035;
 -0.019707235, -0.036146522, 0.99915206, -0.13120262;
 0, 0, 0, 1]
[0.99991369, 0.0033229785, 0.01273609, -0.32785019;
 -0.0038015151, 0.99927998, 0.037746903, 0.34180337;
 -0.012601333, -0.037792034, 0.99920654, -0.28229684;
 0, 0, 0, 1]
[0.99996656, 0.0054944311, 0.0060685924, -0.37746382;
 -0.0057337014, 0.99917877, 0.040108934, 0.32779375;
 -0.0058431025, -0.040142391, 0.99917668, -0.27272657;
 0, 0, 0, 1]
[0.99989164, 0.0043529575, 0.014072323, -0.52619147;
 -0.0049140058, 0.99918443, 0.040077351, 0.28376746;
 -0.013886237, -0.040142275, 0.99909765, -0.31270736;
 0, 0, 0, 1]
[0.99988401, 0.00079250621, 0.015203265, -0.63864547;
 -0.0012960272, 0.99944985, 0.03313943, 0.26726344;
 -0.015168765, -0.033155441, 0.99933523, -0.28676996;
 0, 0, 0, 1]
[0.9998098, -0.0025334002, 0.019335901, -0.72189319;
 0.0020234387, 0.99965072, 0.026355853, 0.25373536;
 -0.019396262, -0.026311951, 0.99946582, -0.20247689;
 0, 0, 0, 1]
[0.99980587, -0.0022885092, 0.01956407, -0.71533966;
 0.0018054933, 0.99969381, 0.024664652, 0.28331384;
 -0.019614236, -0.024624437, 0.99950397, -0.1323474;
 0, 0, 0, 1]
[0.99989307, 0.00043869184, 0.014607874, -0.68930167;
 -0.00086874579, 0.99956542, 0.029455353, 0.28500232;
 -0.014588454, -0.02946496, 0.99945927, -0.12228967;
 0, 0, 0, 1]
[0.99972385, 0.0011762551, 0.0234739, -0.68133211;
 -0.0019811585, 0.99940974, 0.034292247, 0.3093062;
 -0.023419971, -0.034329325, 0.99913627, -0.17417131;
 0, 0, 0, 1]
[0.99976397, 0.001191534, 0.0216786, -0.6263268;
 -0.0019673377, 0.99935704, 0.035794258, 0.3203513;
 -0.021622345, -0.035828531, 0.99912417, -0.044057313;
 0, 0, 0, 1]
[0.99963254, -0.00082444184, 0.027090875, -0.69662416;
 -0.00012009274, 0.99939263, 0.034842208, 0.30117944;
 -0.027103251, -0.03483279, 0.9990257, -0.21301197;
 0, 0, 0, 1]
[0.99968076, -0.0014967562, 0.025206452, -0.6597206;
 0.00067506207, 0.99946928, 0.032567967, 0.33442602;
 -0.025241764, -0.032540482, 0.99915135, -0.27387145;
 0, 0, 0, 1]
[0.99953723, 0.00076789089, 0.030415064, -0.61543888;
 -0.0018304044, 0.99938881, 0.034913842, 0.34633994;
 -0.030369688, -0.034953225, 0.99892747, -0.21394749;
 0, 0, 0, 1]
[0.99988049, 0.0061331517, 0.014181783, -0.599617;
 -0.0067373603, 0.9990533, 0.042970244, 0.33848831;
 -0.013905041, -0.043060683, 0.99897593, -0.17816488;
 0, 0, 0, 1]
[0.99988651, 0.0024951186, 0.014847216, -0.47707808;
 -0.0029639706, 0.99949414, 0.031655405, 0.36325705;
 -0.014760667, -0.031695861, 0.99938852, -0.097890697;
 0, 0, 0, 1]
[0.99987489, 0.0054398351, 0.014865958, -0.40205249;
 -0.0060167247, 0.99922001, 0.039031297, 0.32886791;
 -0.014642029, -0.039115898, 0.99912751, -0.15680838;
 0, 0, 0, 1]
[0.9997555, 0.0039787763, 0.02175599, -0.24444525;
 -0.0048427088, 0.99919504, 0.03981233, 0.32261679;
 -0.02157999, -0.039907992, 0.99897045, -0.038593594;
 0, 0, 0, 1]
[0.99990714, 0.0049377345, 0.012697116, -0.10672847;
 -0.0054178829, 0.99926084, 0.038060147, 0.31693134;
 -0.012499855, -0.038125321, 0.99919492, 0.14570971;
 0, 0, 0, 1]
[0.99983704, 0.0056438427, 0.017160811, -0.077955335;
 -0.0063536507, 0.99911433, 0.041597888, 0.34711966;
 -0.016910825, -0.04170002, 0.99898702, 0.09055531;
 0, 0, 0, 1]
[0.99982202, 0.010518748, 0.01566796, 0.017898504;
 -0.011327518, 0.99855977, 0.052447591, 0.36946511;
 -0.015094019, -0.052615765, 0.99850082, 0.16891153;
 0, 0, 0, 1]
[0.99989963, 0.0087374905, 0.011143858, 0.13346715;
 -0.0092994403, 0.99863386, 0.051415496, 0.39354819;
 -0.010679373, -0.051514126, 0.99861532, 0.31786489;
 0, 0, 0, 1]
[0.99986458, 0.0080986032, 0.014316378, 0.13958111;
 -0.0087865917, 0.9987759, 0.048673648, 0.43527704;
 -0.013904785, -0.048792787, 0.99871212, 0.39289162;
 0, 0, 0, 1]
[0.99979377, 0.0078096297, 0.01873631, 0.091107659;
 -0.0087259244, 0.99874377, 0.04933849, 0.49518999;
 -0.018327514, -0.049491912, 0.99860632, 0.348205;
 0, 0, 0, 1]
[0.99989218, 0.0076518836, 0.012532847, 0.008633703;
 -0.0081690736, 0.9990949, 0.04174703, 0.47699553;
 -0.01220231, -0.041845061, 0.99904972, 0.32190818;
 0, 0, 0, 1]
[0.99991548, 0.0037353304, 0.012429066, -0.066663153;
 -0.0041540656, 0.9994179, 0.03384877, 0.43737212;
 -0.012295485, -0.033897646, 0.99934983, 0.22777873;
 0, 0, 0, 1]
[0.99984294, 0.0053365189, 0.016908346, -0.046946932;
 -0.0060144756, 0.99916971, 0.040296938, 0.45082888;
 -0.016679412, -0.04039254, 0.99904478, 0.30727082;
 0, 0, 0, 1]
[0.9994784, 0.005885154, 0.031737391, -0.092900217;
 -0.0070791887, 0.99926579, 0.037640672, 0.44309235;
 -0.031492796, -0.037845697, 0.99878711, 0.18726;
 0, 0, 0, 1]
[0.99957913, 0.0080237715, 0.027871424, -0.0029951609;
 -0.0090970891, 0.99921381, 0.038593844, 0.4325738;
 -0.027540063, -0.03883123, 0.99886614, 0.30276003;
 0, 0, 0, 1]
[0.99960852, 0.0092993528, 0.026395526, -0.034698896;
 -0.010318405, 0.99919641, 0.038734913, 0.44284764;
 -0.026014386, -0.038992137, 0.99890107, 0.32130644;
 0, 0, 0, 1]
[0.99964148, 0.0085173268, 0.025374407, 0.0063136662;
 -0.0094783828, 0.99923283, 0.03799868, 0.43458647;
 -0.025031622, -0.038225576, 0.99895567, 0.3436121;
 0, 0, 0, 1]
[0.9996143, 0.0076850839, 0.026686674, 0.017311677;
 -0.0087154582, 0.99921227, 0.038714793, 0.44413361;
 -0.026368443, -0.038932607, 0.99889404, 0.35243419;
 0, 0, 0, 1]
[0.99980664, 0.0034215783, 0.019371308, -0.034206085;
 -0.0040529743, 0.99945855, 0.032655988, 0.42425841;
 -0.01924878, -0.032728091, 0.99927878, 0.34938627;
 0, 0, 0, 1]
[0.99991947, 0.0028896043, 0.012365906, 0.0097789178;
 -0.0032606202, 0.99954194, 0.03009518, 0.4169884;
 -0.012273447, -0.030133048, 0.99947089, 0.40104544;
 0, 0, 0, 1]
[0.99988669, 0.0033081037, 0.01469438, -0.075511009;
 -0.0038151632, 0.99939382, 0.034612868, 0.43076625;
 -0.014571102, -0.034664944, 0.99929267, 0.12634763;
 0, 0, 0, 1]
[0.99985403, 0.0043778019, 0.016480811, 0.080122285;
 -0.0049865637, 0.99929994, 0.037069406, 0.4310661;
 -0.016307361, -0.037146259, 0.99917668, 0.42980912;
 0, 0, 0, 1]
[0.99987757, 0.0069832215, 0.013999764, 0.15662487;
 -0.0076061306, 0.99896044, 0.044949751, 0.44834784;
 -0.013671424, -0.045050755, 0.99889094, 0.60248464;
 0, 0, 0, 1]
[0.99988049, 0.005973991, 0.014243567, 0.18553518;
 -0.0066050626, 0.99897939, 0.04468254, 0.47746202;
 -0.013962164, -0.04477134, 0.99889958, 0.67685378;
 0, 0, 0, 1]
[0.99983329, 0.0036281995, 0.017890166, 0.079757713;
 -0.0043619857, 0.99914271, 0.041153759, 0.44124147;
 -0.017725596, -0.041225128, 0.99899274, 0.54743856;
 0, 0, 0, 1]
[0.99979639, 0.00605541, 0.019275129, -0.082680613;
 -0.0069839335, 0.99879944, 0.048486516, 0.44324803;
 -0.018958192, -0.048611224, 0.99863791, 0.36745712;
 0, 0, 0, 1]
[0.99976027, 0.0067395456, 0.020816565, -0.12059377;
 -0.0076055513, 0.99909627, 0.041809451, 0.42367068;
 -0.020516086, -0.041957863, 0.99890858, 0.31028378;
 0, 0, 0, 1]
[0.99977738, 0.0076649669, 0.019660782, -0.16270989;
 -0.0084891571, 0.99907351, 0.042181857, 0.41016647;
 -0.019319238, -0.042339496, 0.99891675, 0.35512233;
 0, 0, 0, 1]
[0.99979699, 0.0057885991, 0.019301116, -0.26061052;
 -0.0065471875, 0.99919909, 0.039477073, 0.40305984;
 -0.019057225, -0.039595511, 0.99903435, 0.29893282;
 0, 0, 0, 1]
[0.99979734, 0.007854268, 0.018530531, -0.24870238;
 -0.0086334664, 0.99906611, 0.042339589, 0.37180042;
 -0.018181061, -0.042491078, 0.99893135, 0.26871982;
 0, 0, 0, 1]
[0.99978852, 0.0099876039, 0.017987631, -0.26522046;
 -0.010805755, 0.99888432, 0.045975927, 0.35395086;
 -0.017508741, -0.046160538, 0.99878109, 0.20679347;
 0, 0, 0, 1]
[0.99979568, 0.0091178464, 0.018032322, -0.24089965;
 -0.0099734105, 0.99880022, 0.047940549, 0.37606919;
 -0.0175735, -0.048110615, 0.99868727, 0.20811567;
 0, 0, 0, 1]
[0.99979407, 0.0082857339, 0.018531326, -0.2373744;
 -0.0091946451, 0.99873137, 0.049508855, 0.3598308;
 -0.018097812, -0.049669087, 0.99860179, 0.18702953;
 0, 0, 0, 1]
[0.99980402, 0.006483756, 0.018687541, -0.21051632;
 -0.0074089593, 0.9987278, 0.049877938, 0.33786651;
 -0.018340537, -0.05000674, 0.99858075, 0.20298859;
 0, 0, 0, 1]
[0.99966955, -0.00065480272, 0.025701728, -0.17298156;
 -0.00021444866, 0.99942839, 0.033802867, 0.3343488;
 -0.025709307, -0.033797365, 0.99909806, 0.22343624;
 0, 0, 0, 1]
[0.99950832, 0.0021816145, 0.031288784, -0.12217079;
 -0.0035204394, 0.9990775, 0.042797506, 0.32081401;
 -0.031166513, -0.042886637, 0.99859393, 0.28646716;
 0, 0, 0, 1]
[0.99929875, 0.0014012735, 0.037418403, -0.11792716;
 -0.0029112443, 0.99918205, 0.040329695, 0.3470549;
 -0.037331183, -0.040410299, 0.99848568, 0.19629318;
 0, 0, 0, 1]
[0.99927622, 0.0037887266, 0.037850384, -0.065817565;
 -0.005483198, 0.99898231, 0.044767939, 0.38269609;
 -0.037642378, -0.04494318, 0.99828029, 0.32576153;
 0, 0, 0, 1]
[0.99955547, 0.0041446271, 0.029512804, 0.0086341696;
 -0.0053444081, 0.99915725, 0.040691584, 0.40511584;
 -0.029319398, -0.040831152, 0.99873567, 0.37978223;
 0, 0, 0, 1]
[0.99944818, 0.0081652906, 0.032188535, 0.0042235581;
 -0.0096935332, 0.99881881, 0.047607772, 0.44042614;
 -0.031761922, -0.04789342, 0.99834681, 0.39727151;
 0, 0, 0, 1]
[0.99960405, 0.0089403139, 0.026686627, 0.051023766;
 -0.010054532, 0.99907023, 0.041917257, 0.44071162;
 -0.026287092, -0.042168979, 0.99876475, 0.4271042;
 0, 0, 0, 1]
[0.99955797, 0.0099535724, 0.028014956, 0.034008872;
 -0.011218667, 0.99890721, 0.045367744, 0.44950205;
 -0.027532758, -0.045661945, 0.99857712, 0.3389698;
 0, 0, 0, 1]
[0.99939096, 0.0056037796, 0.034456473, -0.040920682;
 -0.0069114724, 0.99925584, 0.037959389, 0.44387096;
 -0.034218375, -0.038174529, 0.99868554, 0.16245608;
 0, 0, 0, 1]
[0.99971879, 6.5966145e-05, 0.023729429, 0.012719045;
 -0.00065644889, 0.99969029, 0.024884449, 0.20408365;
 -0.023720302, -0.024893006, 0.99940902, 0.093241565;
 0, 0, 0, 1]
[0.99987221, -0.002838931, 0.015737407, 0.042895462;
 0.002569335, 0.99984992, 0.017128663, -0.065913491;
 -0.015783738, -0.017086176, 0.99972951, -0.0051273485;
 0, 0, 0, 1]
[0.9999392, 6.4425993e-05, 0.011037106, 0.096812122;
 -0.00029884704, 0.99977434, 0.021245064, -0.054315794;
 -0.011033253, -0.021247121, 0.99971348, 0.12328717;
 0, 0, 0, 1]
[0.99976838, -0.0022626335, 0.021370796, 0.033105798;
 0.0018462323, 0.99980778, 0.019488916, 0.00058353005;
 -0.021410964, -0.019445058, 0.99958134, 0.063273706;
 0, 0, 0, 1]
[0.99971026, 0.0023229783, 0.023951819, 0.1099089;
 -0.0030711873, 0.99950713, 0.031246066, 0.06672585;
 -0.023867643, -0.031310588, 0.99922472, 0.17675154;
 0, 0, 0, 1]
[0.99985504, 0.0035594089, 0.016620563, 0.093885131;
 -0.0041468157, 0.99936217, 0.035448477, 0.13779736;
 -0.016483828, -0.03551228, 0.99923307, 0.093280055;
 0, 0, 0, 1]
[0.99970526, 0.0018838652, 0.024201825, 0.054557167;
 -0.0027570156, 0.99934483, 0.03608641, -0.021009011;
 -0.024117928, -0.036142491, 0.99905539, -0.10295136;
 0, 0, 0, 1]
[0.99934375, -0.0036255619, 0.036035866, -0.20455495;
 0.0026890635, 0.99965781, 0.026007559, -1.2465295;
 -0.036117584, -0.025893569, 0.99901181, -0.56953406;
 0, 0, 0, 1]
[0.99933821, -0.014674715, 0.03328437, -0.81554121;
 0.014708607, 0.9998917, -0.00077327929, -4.2924376;
 -0.03326958, 0.0012622668, 0.9994455, -1.5977576;
 0, 0, 0, 1]
[0.99907833, -0.027377293, 0.03307128, -1.7648648;
 0.02844746, 0.99907243, -0.032330107, -9.2022963;
 -0.032155354, 0.033241041, 0.9989301, -2.8933384;
 0, 0, 0, 1]
[0.9990322, -0.037651621, 0.022733729, -2.7318599;
 0.039180767, 0.99670178, -0.071062878, -14.92093;
 -0.019983273, 0.071884818, 0.99721271, -4.0801649;
 0, 0, 0, 1]
[0.99804008, -0.053592142, 0.03231775, -3.7713773;
 0.057040785, 0.99144113, -0.11743958, -22.254776;
 -0.025747469, 0.11905281, 0.99255455, -5.2200098;
 0, 0, 0, 1]
[0.99596572, -0.073345721, 0.05170206, -4.904068;
 0.081240892, 0.98167807, -0.17236321, -29.790115;
 -0.038112596, 0.17586806, 0.98367596, -6.8985662;
 0, 0, 0, 1]
[0.99347109, -0.096877083, 0.060246915, -5.7748585;
 0.10851937, 0.96540064, -0.2371183, -37.252285;
 -0.035191026, 0.24210848, 0.96961081, -9.6692858;
 0, 0, 0, 1]
[0.99010265, -0.11652663, 0.078222089, -6.8545241;
 0.13455221, 0.94661462, -0.29294455, -43.985348;
 -0.039910443, 0.30057022, 0.95292443, -13.424784;
 0, 0, 0, 1]
[0.98547244, -0.13887957, 0.097755849, -7.9785714;
 0.16455911, 0.92316866, -0.34738973, -49.193829;
 -0.041999787, 0.35842967, 0.93261123, -17.49765;
 0, 0, 0, 1]
[0.98133332, -0.15832141, 0.1091755, -9.7426109;
 0.18890864, 0.89993876, -0.39296842, -53.880482;
 -0.036035825, 0.40625694, 0.91304815, -22.965519;
 0, 0, 0, 1]
[0.97715557, -0.17226049, 0.124469, -11.449327;
 0.20944583, 0.87987572, -0.426557, -57.067802;
 -0.036038492, 0.44288224, 0.89585531, -27.477674;
 0, 0, 0, 1]
[0.9754172, -0.18155569, 0.12489495, -12.809163;
 0.2187679, 0.86593109, -0.44978184, -58.635174;
 -0.026490035, 0.46604803, 0.8843627, -30.961214;
 0, 0, 0, 1]
[0.97417003, -0.18121153, 0.1347401, -13.402369;
 0.22296481, 0.86638993, -0.44682735, -58.194004;
 -0.035767168, 0.46532831, 0.88441515, -31.922331;
 0, 0, 0, 1]
[0.97717428, -0.17146702, 0.12541559, -12.848553;
 0.20871535, 0.88493413, -0.4163284, -55.693142;
 -0.039598152, 0.43300155, 0.90052313, -29.938108;
 0, 0, 0, 1]
[0.98256117, -0.15285715, 0.10586604, -11.301619;
 0.18046755, 0.92107767, -0.34503177, -49.355309;
 -0.044770151, 0.3581205, 0.93260115, -24.669495;
 0, 0, 0, 1]
[0.9885124, -0.12603207, 0.083422005, -9.4641781;
 0.14356165, 0.9555499, -0.25751615, -39.646351;
 -0.047258668, 0.26653412, 0.96266645, -17.885057;
 0, 0, 0, 1]
[0.99363047, -0.092539832, 0.064301863, -6.8709288;
 0.10193364, 0.98138171, -0.16278543, -26.672089;
 -0.048040289, 0.16830319, 0.98456401, -11.615302;
 0, 0, 0, 1]
[0.99731714, -0.057233714, 0.045640185, -3.9792457;
 0.060872879, 0.99470603, -0.082792066, -14.616113;
 -0.040660109, 0.085348167, 0.99552113, -5.8631225;
 0, 0, 0, 1]
[0.99921519, -0.023979338, 0.031522129, -1.4186133;
 0.024335047, 0.99964345, -0.010943537, -4.3504453;
 -0.031248372, 0.011702045, 0.99944288, -0.91089869;
 0, 0, 0, 1]
[0.99976003, -0.00065542298, 0.021917628, 0.48592809;
 -0.00026316525, 0.9991228, 0.041882262, 3.4236925;
 -0.02192582, -0.041877978, 0.99888229, 2.8980856;
 0, 0, 0, 1]
[0.99975526, 0.012739155, 0.018086817, 1.6170287;
 -0.013925834, 0.99765158, 0.067065947, 8.2172241;
 -0.017189898, -0.06730137, 0.99758452, 4.8919764;
 0, 0, 0, 1]
[0.99960977, 0.025982363, 0.01026407, 2.3078055;
 -0.026782311, 0.99579734, 0.087576374, 10.700263;
 -0.0079453858, -0.087817073, 0.99610484, 5.9750972;
 0, 0, 0, 1]
[0.99948001, 0.032035787, 0.0037054576, 2.6078312;
 -0.032242935, 0.99492902, 0.095272481, 11.517619;
 -0.00063456042, -0.095342413, 0.99544472, 6.3248129;
 0, 0, 0, 1]
[0.99936426, 0.034908973, 0.0071928585, 2.6280572;
 -0.035453975, 0.99434978, 0.10005651, 11.156983;
 -0.0036596556, -0.10024796, 0.99495596, 6.2145233;
 0, 0, 0, 1]
[0.9993493, 0.034354936, 0.010992765, 2.3698897;
 -0.035256427, 0.99471366, 0.096443377, 10.056222;
 -0.0076215388, -0.096768282, 0.9952777, 5.7245693;
 0, 0, 0, 1]
[0.99961072, 0.025586288, 0.011114562, 2.0691323;
 -0.026381891, 0.99655986, 0.078566477, 8.5847244;
 -0.0090662409, -0.078829005, 0.99684697, 5.043159;
 0, 0, 0, 1]
[0.99961239, 0.024177104, 0.013827506, 1.6634604;
 -0.025143305, 0.99689788, 0.074586116, 7.0022283;
 -0.011981257, -0.074904814, 0.99711877, 4.2802367;
 0, 0, 0, 1]
[0.99959528, 0.017587764, 0.02235036, 1.2726595;
 -0.01896441, 0.99783558, 0.062958993, 5.5146842;
 -0.021194577, -0.06335739, 0.99776542, 3.4878378;
 0, 0, 0, 1]
[0.99974507, 0.015312944, 0.016585194, 0.91515476;
 -0.016226839, 0.99827272, 0.056460347, 4.15909;
 -0.015691921, -0.056715045, 0.99826711, 2.7054114;
 0, 0, 0, 1]
[0.99957442, 0.0053435932, 0.028682239, 0.69842613;
 -0.0065420298, 0.99910229, 0.041855972, 3.0000186;
 -0.028433111, -0.042026002, 0.99871224, 2.1809883;
 0, 0, 0, 1]
[0.99953043, 0.0050929287, 0.030218259, 0.45341542;
 -0.0063514775, 0.9991098, 0.041702006, 2.0759964;
 -0.029978728, -0.04187429, 0.99867308, 1.6567917;
 0, 0, 0, 1]
[0.99967128, -0.00015215573, 0.02563245, 0.31563357;
 -0.00065224239, 0.99950773, 0.031364992, 1.3534955;
 -0.025624365, -0.031371299, 0.99917901, 1.2417468;
 0, 0, 0, 1]
[0.99965072, 0.0029211014, 0.026266836, 0.2110171;
 -0.0038763629, 0.99932981, 0.03639276, 0.83298695;
 -0.02614278, -0.036481868, 0.9989925, 1.0203415;
 0, 0, 0, 1]
[0.99961269, -0.0062328517, 0.027121404, 0.1222495;
 0.0057516443, 0.99982518, 0.01779503, 0.45731765;
 -0.027227664, -0.017632181, 0.99947387, 0.82728738;
 0, 0, 0, 1]
[0.99982458, -0.0034328722, 0.018431759, 0.12558199;
 0.003076979, 0.99980873, 0.019306483, 0.2247071;
 -0.018494334, -0.019246362, 0.99964386, 0.73878896;
 0, 0, 0, 1]
[0.99993068, -0.0025509819, 0.011514921, 0.15994868;
 0.0023343056, 0.99982017, 0.018813582, 0.10187371;
 -0.011560689, -0.018785404, 0.99975681, 0.72936326;
 0, 0, 0, 1]
[0.99999201, -0.0039454019, -0.00077783351, 0.15337931;
 0.0039563668, 0.99988526, 0.014628166, 0.063665092;
 0.00071994902, -0.014631071, 0.99989295, 0.69373983;
 0, 0, 0, 1]
[0.99991661, -0.002806118, 0.012592354, 0.15869901;
 0.0025679313, 0.99981827, 0.018881556, 0.033937298;
 -0.012643039, -0.018847734, 0.99974227, 0.68870759;
 0, 0, 0, 1]
[0.99976653, -0.0045856088, 0.021116287, 0.12502147;
 0.0041253157, 0.99975413, 0.021782527, 0.046564184;
 -0.02121097, -0.021690326, 0.99953979, 0.6073314;
 0, 0, 0, 1]
[0.99973047, -0.00055944547, 0.023192514, 0.12957735;
 -0.00013039578, 0.99955779, 0.029726451, 0.074391671;
 -0.023199083, -0.029721573, 0.99928874, 0.60107481;
 0, 0, 0, 1]
[0.99956244, -0.0054670633, 0.029062629, 0.10499835;
 0.0049770437, 0.99984449, 0.016909406, 0.12232225;
 -0.029150397, -0.01675736, 0.99943441, 0.60260409;
 0, 0, 0, 1]
[0.99979526, -0.0014106671, 0.02017526, 0.10525443;
 0.0009430332, 0.99973118, 0.023167681, 0.16743009;
 -0.020202791, -0.023143923, 0.99952811, 0.63899678;
 0, 0, 0, 1]
[0.99966908, 0.0029498194, 0.025567584, 0.096383534;
 -0.0035891987, 0.99968141, 0.024994334, 0.22992302;
 -0.025485722, -0.025077837, 0.99936056, 0.67185754;
 0, 0, 0, 1]
[0.99977475, 0.0016870598, 0.021142067, 0.071423076;
 -0.002101497, 0.99980557, 0.019595761, 0.29155952;
 -0.021105109, -0.019635713, 0.9995845, 0.71213996;
 0, 0, 0, 1]
[0.99990577, 0.0012759585, 0.013703431, 0.11736538;
 -0.0015131687, 0.99984926, 0.017307952, 0.34298825;
 -0.013679137, -0.017327107, 0.9997564, 0.83041435;
 0, 0, 0, 1]
[0.99996918, 0.0015557908, 0.0076931971, 0.20025238;
 -0.0016792401, 0.99986976, 0.016059645, 0.41434541;
 -0.0076673594, -0.016072009, 0.99984139, 1.0322779;
 0, 0, 0, 1]
[0.99998796, -7.5437893e-05, 0.0048572551, 0.29214859;
 1.1511102e-05, 0.99991339, 0.013100794, 0.46751976;
 -0.0048579862, -0.013100652, 0.99990219, 1.2317921;
 0, 0, 0, 1]
[0.99998826, -6.9212765e-05, 0.0048136953, 0.40856713;
 -7.0652454e-06, 0.99987429, 0.015843606, 0.46218485;
 -0.004814202, -0.015843391, 0.99986309, 1.353116;
 0, 0, 0, 1]
[0.99998778, 0.00028459364, 0.0048959111, 0.40399957;
 -0.00037286908, 0.99983639, 0.018073825, 0.49669924;
 -0.0048900484, -0.018075485, 0.99982458, 1.3153355;
 0, 0, 0, 1]
[0.99999887, -0.00031439448, 0.0014863306, 0.40892252;
 0.0002889419, 0.999852, 0.017200742, 0.46373188;
 -0.0014914093, -0.017200289, 0.99985105, 1.4426279;
 0, 0, 0, 1]
[0.99998444, -7.2092422e-05, 0.0056608729, 0.34992698;
 -3.3578061e-05, 0.99982536, 0.018703109, 0.45848724;
 -0.0056612873, -0.018703012, 0.99980944, 1.2268925;
 0, 0, 0, 1]
[0.99988794, -0.0014507322, 0.014902372, 0.38240156;
 0.0011087831, 0.99973643, 0.022928791, 0.48390052;
 -0.01493191, -0.022909721, 0.9996264, 1.2895128;
 0, 0, 0, 1]
[0.99989802, -0.00099634181, 0.014252199, 0.49188223;
 0.00059110526, 0.99959552, 0.028430199, 0.50203371;
 -0.014274522, -0.028418902, 0.99949443, 1.4148543;
 0, 0, 0, 1]
[0.99975073, -0.0016017813, 0.022262603, 0.62331825;
 0.00096416159, 0.99958909, 0.028634982, 0.56821722;
 -0.022299306, -0.028606379, 0.99934202, 1.6636418;
 0, 0, 0, 1]
[0.99975252, -0.0016491211, 0.022170847, 0.65869313;
 0.00098647876, 0.99955338, 0.029866692, 0.62199306;
 -0.022210304, -0.029837392, 0.99930793, 1.9397624;
 0, 0, 0, 1]
[0.99975312, -0.0056839981, 0.021475865, 0.72326642;
 0.0052194856, 0.99975222, 0.02163499, 0.64683974;
 -0.021593396, -0.021517526, 0.9995352, 2.029145;
 0, 0, 0, 1]
[0.99972707, -0.0018311128, 0.023307553, 0.65016246;
 0.0012427055, 0.99968112, 0.025235539, 0.62416917;
 -0.0233461, -0.025199665, 0.99940985, 1.9605798;
 0, 0, 0, 1]
[0.99986941, -0.0018017393, 0.016037153, 0.53726703;
 0.0013934622, 0.99967563, 0.02542193, 0.64402574;
 -0.016077803, -0.025396308, 0.9995482, 1.9780033;
 0, 0, 0, 1]
[0.9997713, -0.0024566019, 0.021240972, 0.43970326;
 0.0018546211, 0.99959755, 0.028306687, 0.58466464;
 -0.021302041, -0.028260836, 0.99937361, 1.9849916;
 0, 0, 0, 1]
[0.99966413, 0.0028460068, 0.025758587, 0.38283131;
 -0.0038611172, 0.99921423, 0.039443165, 0.57391524;
 -0.025626235, -0.039529454, 0.99889004, 1.9808768;
 0, 0, 0, 1]
[0.99929124, -0.0011234382, 0.037615705, 0.29382795;
 -2.7242459e-05, 0.99953216, 0.030577688, 0.50873476;
 -0.037632655, -0.030557167, 0.99882424, 1.8322623;
 0, 0, 0, 1]
[0.99916184, -0.0039896038, 0.040747743, 0.29174033;
 0.0029475882, 0.99966818, 0.025601398, 0.49641302;
 -0.040836398, -0.025459994, 0.99884146, 1.8756068;
 0, 0, 0, 1]
[0.99942982, -0.0041746646, 0.033506144, 0.35727096;
 0.0034665756, 0.99977028, 0.021161363, 0.47965601;
 -0.033587277, -0.021033388, 0.99921483, 1.9788779;
 0, 0, 0, 1]
[0.99951482, -0.0031264059, 0.03099291, 0.32507089;
 0.0024499192, 0.9997586, 0.021835594, 0.50221568;
 -0.031053821, -0.021749087, 0.99928117, 2.0193658;
 0, 0, 0, 1]
[0.99963391, -0.0064590867, 0.026260573, 0.44493702;
 0.0061177285, 0.99989593, 0.013056039, 0.51083112;
 -0.026342483, -0.012890805, 0.99956983, 2.2218249;
 0, 0, 0, 1]
[0.99961489, -0.0061545745, 0.027067216, 0.52315551;
 0.0058462759, 0.99991739, 0.011454727, 0.50825924;
 -0.027135389, -0.01129212, 0.99956781, 2.1396444;
 0, 0, 0, 1]
[0.99971491, -0.005856744, 0.023136783, 0.55952883;
 0.0055626906, 0.99990314, 0.012756932, 0.55906641;
 -0.02320944, -0.012624616, 0.99965101, 2.1077352;
 0, 0, 0, 1]
[0.99978733, -0.0076166415, 0.019182986, 0.55956626;
 0.0074158823, 0.99991775, 0.010513181, 0.52548063;
 -0.01926139, -0.010368655, 0.99976081, 2.0684433;
 0, 0, 0, 1]
[0.99991214, -0.0038908846, 0.012672267, 0.57404482;
 0.0036899524, 0.99986762, 0.015854267, 0.51439506;
 -0.012732292, -0.015806176, 0.99979419, 2.0588131;
 0, 0, 0, 1]
[0.99979925, -0.0032210764, 0.019776413, 0.59870625;
 0.0028667797, 0.99983543, 0.017912861, 0.54148823;
 -0.019830801, -0.017852725, 0.99964362, 2.0280621;
 0, 0, 0, 1]
[0.99992281, 0.0003229971, 0.012424165, 0.56618476;
 -0.00062440312, 0.99970543, 0.024272323, 0.52280647;
 -0.012412699, -0.024278058, 0.99962819, 1.9701632;
 0, 0, 0, 1]
[0.99993461, -7.2927629e-05, 0.011458265, 0.53741711;
 -0.0001870206, 0.99974281, 0.022686107, 0.51903594;
 -0.011456802, -0.022686787, 0.99967682, 1.798689;
 0, 0, 0, 1]
[0.99982661, 0.0011211822, 0.018602423, 0.46771118;
 -0.001539131, 0.99974668, 0.022462366, 0.51601285;
 -0.018572597, -0.022487015, 0.99957466, 1.56855;
 0, 0, 0, 1]
[0.9999088, 0.0043135216, 0.012767361, 0.48909938;
 -0.0045895805, 0.99975455, 0.021662319, 0.48499566;
 -0.012670765, -0.021718945, 0.99968362, 1.556934;
 0, 0, 0, 1]
[0.99981755, 0.0059864428, 0.018125955, 0.48347002;
 -0.0065048309, 0.99956703, 0.02868454, 0.50636846;
 -0.017946335, -0.028797245, 0.99942398, 1.506153;
 0, 0, 0, 1]
[0.99984652, 0.0031900571, 0.017213847, 0.49041253;
 -0.003606752, 0.99969935, 0.024240665, 0.51095575;
 -0.017131155, -0.024299128, 0.99955785, 1.5477016;
 0, 0, 0, 1]
[0.99984056, -0.00019378198, 0.017855354, 0.44586813;
 -0.00018349383, 0.99977702, 0.021123515, 0.51156008;
 -0.017855521, -0.021123424, 0.99961746, 1.616778;
 0, 0, 0, 1]
[0.99985975, -0.0010755658, 0.016722752, 0.46376249;
 0.00078178616, 0.9998455, 0.01756116, 0.51879656;
 -0.01673878, -0.017545603, 0.99970591, 1.6465946;
 0, 0, 0, 1]
[0.99987173, -0.0028054803, 0.015771978, 0.512007;
 0.002573177, 0.99988812, 0.014738743, 0.52708966;
 -0.015811542, -0.014696277, 0.99976689, 1.8469131;
 0, 0, 0, 1]
[0.99989557, -0.003179017, 0.014104369, 0.49895456;
 0.0029659371, 0.99988151, 0.015105306, 0.40696663;
 -0.014150656, -0.015062046, 0.99978644, 1.9645516;
 0, 0, 0, 1]
[0.99961758, -0.013217795, 0.024289282, -0.58950025;
 0.013044951, 0.99988854, 0.0072652828, -1.7105318;
 -0.024382757, -0.0069458755, 0.99967867, 1.931833;
 0, 0, 0, 1]
[0.99782521, -0.032619551, 0.057275765, -4.431344;
 0.032458141, 0.999466, 0.0037446897, -5.5337558;
 -0.057367627, -0.0018775903, 0.99835151, 2.5452051;
 0, 0, 0, 1]
[0.9984532, -0.032628268, 0.04500879, -2.87624;
 0.033311594, 0.99933904, -0.014515071, -9.5247173;
 -0.044505563, 0.015991861, 0.99888122, 0.64813811;
 0, 0, 0, 1]
[0.99928552, -0.033345774, 0.017784532, 1.2423816;
 0.034451783, 0.99722385, -0.066012755, -14.352618;
 -0.015533907, 0.066578344, 0.99766016, -3.8090589;
 0, 0, 0, 1]
[0.99979204, -0.019588673, -0.0056371461, 5.2056427;
 0.019050619, 0.99633503, -0.083387472, -16.319641;
 0.0072497237, 0.083262593, 0.99650115, -6.7000566;
 0, 0, 0, 1]
[0.99983281, -0.0072804871, -0.016786398, 6.914073;
 0.0060884221, 0.99752766, -0.070011802, -14.048731;
 0.017254813, 0.069897935, 0.99740523, -6.1159911;
 0, 0, 0, 1]
[0.99990624, 0.0014415133, -0.013629845, 6.4394407;
 -0.0020083894, 0.99912894, -0.041677553, -10.102077;
 0.013557903, 0.041701008, 0.9990384, -3.9955301;
 0, 0, 0, 1]
[0.99999815, -0.0016810336, -0.00073139073, 4.8167448;
 0.0016571359, 0.99950355, -0.031467896, -6.1711965;
 0.00078389543, 0.031466648, 0.99950451, -1.7654504;
 0, 0, 0, 1]
[0.99997681, -0.001734532, 0.0066200923, 3.6591873;
 0.0018170204, 0.99992025, -0.012508417, -2.6666338;
 -0.0065977783, 0.012520125, 0.9998998, 0.40153363;
 0, 0, 0, 1]
[0.99975097, -0.0039428091, 0.021951478, 2.812346;
 0.0039654295, 0.99999118, -0.00097977696, -0.11662034;
 -0.021947496, 0.0010664727, 0.99975824, 2.1416547;
 0, 0, 0, 1]
[0.99961609, 0.00096589094, 0.027695797, 2.1354802;
 -0.0015078896, 0.99980772, 0.019556249, 1.5357913;
 -0.027671335, -0.019590395, 0.99942482, 3.1980381;
 0, 0, 0, 1]
[0.99977946, 0.0011032093, 0.020973321, 1.5798793;
 -0.0015488761, 0.99977261, 0.021248233, 1.5174702;
 -0.020944867, -0.02127601, 0.99955416, 3.9567461;
 0, 0, 0, 1]
[0.99955499, -0.0080606081, 0.028731765, -0.34796008;
 0.0073185638, 0.99963945, 0.025842698, 0.17862131;
 -0.028929848, -0.025621001, 0.99925339, 5.0349779;
 0, 0, 0, 1]
[0.99864072, -0.030316593, 0.042400196, -2.1956952;
 0.030968986, 0.99941081, -0.01481709, -6.2633114;
 -0.041926287, 0.016110076, 0.99899107, 3.1622958;
 0, 0, 0, 1]
[0.99830371, -0.052989047, 0.024124512, -1.1571621;
 0.054830737, 0.99499953, -0.08348272, -16.273525;
 -0.019580433, 0.084663659, 0.99621713, -2.6238496;
 0, 0, 0, 1]
[0.99716091, -0.075236797, 0.003021748, 1.5534128;
 0.074830897, 0.98572421, -0.15082619, -24.205517;
 0.0083689857, 0.15062422, 0.98855555, -8.3055458;
 0, 0, 0, 1]
[0.99765491, -0.063386433, -0.025828781, 5.2136168;
 0.05851239, 0.98559564, -0.15867336, -25.948547;
 0.035514541, 0.15678993, 0.98699337, -10.599607;
 0, 0, 0, 1]
[0.99889606, -0.035613041, -0.030631078, 7.0283723;
 0.031564064, 0.99180502, -0.12379751, -21.492317;
 0.034788769, 0.12269405, 0.99183452, -8.7896557;
 0, 0, 0, 1]
[0.99963474, -0.019523669, -0.01868245, 6.0829239;
 0.017945895, 0.99653727, -0.081185505, -14.822718;
 0.020202715, 0.08082062, 0.9965238, -5.1275616;
 0, 0, 0, 1]
[0.99983144, -0.017207295, -0.0064917458, 4.3163652;
 0.016883845, 0.9987542, -0.046965405, -8.7088833;
 0.0072918348, 0.046847869, 0.99887544, -1.3425753;
 0, 0, 0, 1]
[0.99993068, -0.010785666, 0.0046771877, 3.2276378;
 0.010851008, 0.9998402, -0.014192225, -3.7377169;
 -0.0045235227, 0.0142419, 0.99988818, 1.4525371;
 0, 0, 0, 1]
[0.99985492, -0.00031111977, 0.017018717, 2.4482429;
 5.080381e-05, 0.99988258, 0.015305595, -0.040109891;
 -0.017021729, -0.015302507, 0.99973828, 3.2240515;
 0, 0, 0, 1]
[0.9998188, 0.0049569774, 0.01838932, 1.9584097;
 -0.0055096266, 0.99953091, 0.030125702, 2.4412856;
 -0.018231608, -0.030221563, 0.99937725, 4.3822088;
 0, 0, 0, 1]
[0.99967223, 0.0083434377, 0.024196958, 1.5507914;
 -0.0094048148, 0.99898249, 0.044096973, 3.7936537;
 -0.023804622, -0.044310238, 0.9987343, 4.9801669;
 0, 0, 0, 1]
[0.99951524, 0.0065320558, 0.030436916, 1.4004081;
 -0.0078365402, 0.99904674, 0.042940911, 4.4072132;
 -0.030127697, -0.043158647, 0.99861413, 5.303658;
 0, 0, 0, 1]
[0.9997434, 0.0024705445, 0.022510426, 0.98821753;
 -0.0031851532, 0.9994902, 0.03176501, 3.7392159;
 -0.022420775, -0.031828526, 0.99924171, 5.4378262;
 0, 0, 0, 1]
[0.9997744, -0.0065037007, 0.020197691, 0.23074059;
 0.0062903007, 0.99992353, 0.010621848, -1.6963981;
 -0.020265352, -0.010492228, 0.99973941, 4.2349854;
 0, 0, 0, 1]
[0.99935865, -0.03466735, 0.0089691896, 1.0402327;
 0.03514779, 0.99754673, -0.060539629, -12.649092;
 -0.0068485825, 0.060816053, 0.99812567, -1.053569;
 0, 0, 0, 1]
[0.99844038, -0.052625891, -0.018620048, 4.3690596;
 0.050002355, 0.99141431, -0.12081788, -20.564234;
 0.024818253, 0.11969846, 0.99249977, -6.6446714;
 0, 0, 0, 1]
[0.99853885, -0.038861629, -0.037545193, 7.6163201;
 0.033706337, 0.99102771, -0.12933481, -21.212303;
 0.042234372, 0.12788035, 0.99089009, -8.0486317;
 0, 0, 0, 1]
[0.99914682, -0.025985565, -0.032089666, 6.7716188;
 0.022491278, 0.99423635, -0.10482381, -17.221735;
 0.034628604, 0.1040128, 0.99397278, -5.8544564;
 0, 0, 0, 1]
[0.99974626, -0.018934077, -0.012196581, 4.8968911;
 0.018122489, 0.99781549, -0.063528597, -11.38;
 0.013372668, 0.063291393, 0.99790543, -2.4994512;
 0, 0, 0, 1]
[0.99995691, -0.0089191943, 0.0026609604, 3.7350433;
 0.0089784293, 0.99969256, -0.023097804, -6.0689616;
 -0.0024538958, 0.023120699, 0.99972939, 0.41950858;
 0, 0, 0, 1]
[0.99990714, -0.0039617438, 0.013033684, 2.836596;
 0.0039203875, 0.99998713, 0.0031963745, -2.0286009;
 -0.013046289, -0.0031450395, 0.99991, 2.4912064;
 0, 0, 0, 1]
[0.99965757, -0.0024662979, 0.026045242, 2.1370728;
 0.0020499218, 0.9998697, 0.015996525, 0.76171476;
 -0.026081417, -0.015937643, 0.99953264, 3.6364448;
 0, 0, 0, 1]
[0.99943805, -0.00054003834, 0.033525091, 1.5645597;
 -0.00048902916, 0.99952948, 0.030675944, 2.5470104;
 -0.033526033, -0.030675109, 0.99896747, 4.209434;
 0, 0, 0, 1]
[0.99937999, 0.0041364045, 0.034970731, 1.0416578;
 -0.0056087137, 0.99909747, 0.042112678, 3.5458012;
 -0.03476489, -0.042282727, 0.9985007, 4.0901933;
 0, 0, 0, 1]
[0.999479, 0.0010068717, 0.032248497, 0.7965433;
 -0.0022597944, 0.99924242, 0.038843434, 3.8881056;
 -0.032185037, -0.038896151, 0.99872482, 3.9724545;
 0, 0, 0, 1]
[0.99934411, 0.0053234692, 0.035819363, 0.746674;
 -0.0069844024, 0.99889815, 0.04640606, 3.8830264;
 -0.035533186, -0.046626013, 0.99828035, 3.9451859;
 0, 0, 0, 1]
[0.99955571, 0.0069273436, 0.028975565, 0.80977291;
 -0.0081852973, 0.99901819, 0.043527991, 3.6660373;
 -0.028645724, -0.043745913, 0.99863166, 3.8279865;
 0, 0, 0, 1]
[0.99978715, 0.0065100491, 0.019600043, 0.96952021;
 -0.007213199, 0.99932593, 0.036007896, 3.2503016;
 -0.019352516, -0.036141619, 0.99915975, 3.8346493;
 0, 0, 0, 1]
[0.99992597, 0.0059786085, 0.010593383, 1.6260607;
 -0.006261704, 0.99961895, 0.026876809, 1.8609942;
 -0.01042881, -0.026941206, 0.99958277, 3.8632166;
 0, 0, 0, 1]
[0.99993384, 0.0071529811, 0.0089410506, 2.8750315;
 -0.0073273065, 0.99978, 0.01962804, 0.0033532523;
 -0.0087987613, -0.019692319, 0.99976724, 4.0561061;
 0, 0, 0, 1]
[0.99994457, 0.0053017032, 0.0091243098, 3.972178;
 -0.0054200189, 0.99990064, 0.013022647, -2.3379557;
 -0.0090542287, -0.013071429, 0.99987358, 5.01443;
 0, 0, 0, 1]
[0.999924, -0.0053151571, 0.01107324, 4.5868917;
 0.0053304206, 0.99998498, -0.0013632256, -4.3219481;
 -0.011066187, 0.0014219233, 0.99993759, 6.4753284;
 0, 0, 0, 1]
[0.99987489, -0.0063241823, 0.014519779, 4.5867505;
 0.0063002678, 0.9999789, 0.0016969673, -5.2994318;
 -0.014530151, -0.0016053948, 0.99989313, 8.7371473;
 0, 0, 0, 1]
[0.99962234, -0.0060442537, 0.026799053, 4.3275132;
 0.0056531737, 0.99987674, 0.014640642, -5.6605883;
 -0.026884086, -0.014483539, 0.99953336, 10.683544;
 0, 0, 0, 1]
[0.99948686, -0.0061415825, 0.031438842, 4.109725;
 0.0055755032, 0.99982119, 0.018064154, -5.502902;
 -0.031544197, -0.01787957, 0.99934244, 12.194024;
 0, 0, 0, 1]
[0.99932075, -0.003481963, 0.036689289, 3.8696611;
 0.0025234839, 0.99965501, 0.026140507, -5.0447764;
 -0.036767479, -0.02603012, 0.99898469, 13.037591;
 0, 0, 0, 1]
[0.99931705, -0.0032846397, 0.036806852, 3.5490849;
 0.0022691642, 0.9996165, 0.027597843, -4.7788877;
 -0.036883298, -0.027495354, 0.99894136, 13.135839;
 0, 0, 0, 1]
[0.9991827, -0.0061403713, 0.03995534, 3.1755497;
 0.0054235924, 0.99982274, 0.018027777, -4.9406095;
 -0.040058754, -0.017796258, 0.99903864, 12.782851;
 0, 0, 0, 1]
[0.99903655, -0.0099217342, 0.042754933, 2.3541806;
 0.0093615651, 0.99986798, 0.013281996, -5.6048737;
 -0.042880926, -0.012868992, 0.99899745, 11.46705;
 0, 0, 0, 1]
[0.99928153, -0.01616995, 0.034271944, 1.6230983;
 0.016195726, 0.99986869, -0.00047347983, -6.2147646;
 -0.034259953, 0.0010280679, 0.99941248, 9.6052742;
 0, 0, 0, 1]
[0.99948007, -0.017080499, 0.027337721, 0.69307184;
 0.017217411, 0.9998405, -0.0047742734, -5.343039;
 -0.027252009, 0.0052425796, 0.99961489, 7.0152812;
 0, 0, 0, 1]
[0.9997952, -0.0064587244, 0.019185096, 0.62180394;
 0.0062955669, 0.99994338, 0.0085582333, -3.0850947;
 -0.019239083, -0.0084356163, 0.99977934, 4.5814614;
 0, 0, 0, 1]
[0.99982566, -0.0073770829, 0.017138965, 0.57563043;
 0.0073718335, 0.9999724, 0.00038171964, -1.0860198;
 -0.017141305, -0.0002553112, 0.99985301, 2.9389119;
 0, 0, 0, 1]
[0.99994642, 0.0008405777, 0.01030281, 0.69436479;
 -0.0010095753, 0.99986458, 0.016404292, 0.52998102;
 -0.010287773, -0.01641389, 0.99981242, 2.1864152;
 0, 0, 0, 1]
[0.99994266, 0.0020601747, 0.0104987, 0.78533792;
 -0.0022583806, 0.99981856, 0.018912179, 1.654967;
 -0.010457893, -0.018934812, 0.99976605, 1.7406734;
 0, 0, 0, 1]
[0.99989271, -0.001040541, 0.014595803, 0.84095997;
 0.00074217608, 0.99979097, 0.020430036, 2.1038165;
 -0.014613982, -0.020417096, 0.99968445, 1.3249937;
 0, 0, 0, 1]
[0.99982113, 0.0028205656, 0.018697305, 0.9013918;
 -0.0033616987, 0.99957454, 0.028972663, 2.255774;
 -0.018607616, -0.029030338, 0.99940497, 1.03326;
 0, 0, 0, 1]
[0.99982333, 0.003837585, 0.018399896, 0.97421491;
 -0.0043999744, 0.99952072, 0.030627938, 2.2144341;
 -0.018273879, -0.030703684, 0.99936181, 1.0971138;
 0, 0, 0, 1]
[0.99982202, 0.0044736071, 0.018340796, 1.0398647;
 -0.0050664782, 0.99946183, 0.032411467, 2.106447;
 -0.018185977, -0.032498658, 0.99930638, 1.2620875;
 0, 0, 0, 1]
[0.99978387, 0.0003078063, 0.02079941, 1.0428816;
 -0.0008765778, 0.9996255, 0.027349126, 1.6066899;
 -0.020783195, -0.027361525, 0.99940968, 1.754606;
 0, 0, 0, 1]
[0.99967027, -0.004068953, 0.025351882, 0.46200874;
 0.0033328685, 0.99957353, 0.0290154, 0.27475449;
 -0.025459353, -0.02892139, 0.99925786, 2.6730685;
 0, 0, 0, 1]
[0.99919689, -0.013416656, 0.037754282, -1.7275276;
 0.011979702, 0.9992041, 0.038032707, -1.3109972;
 -0.038234588, -0.037549976, 0.99856311, 4.1163406;
 0, 0, 0, 1]
[0.99792856, -0.023102177, 0.060045555, -4.3048439;
 0.020328766, 0.99871629, 0.046396941, -2.5892935;
 -0.061040539, -0.045080237, 0.99711722, 6.0836687;
 0, 0, 0, 1]
[0.99546421, -0.029616704, 0.090408705, -6.3381963;
 0.024600074, 0.99812168, 0.056108009, -3.8145375;
 -0.091900505, -0.05362932, 0.9943226, 8.0230246;
 0, 0, 0, 1]
[0.99413294, -0.02778911, 0.10453622, -6.7273784;
 0.02214136, 0.99825156, 0.054805811, -5.1458468;
 -0.10587664, -0.052169796, 0.99301016, 9.7293463;
 0, 0, 0, 1]
[0.99317336, -0.028512305, 0.11310801, -6.7167454;
 0.02369952, 0.99876475, 0.043668918, -6.2290893;
 -0.11421338, -0.040690243, 0.99262244, 10.857305;
 0, 0, 0, 1]
[0.99326307, -0.023464171, 0.11348365, -6.4560342;
 0.019478757, 0.99915844, 0.036101189, -6.7777882;
 -0.11423531, -0.033647563, 0.99288404, 11.6518;
 0, 0, 0, 1]
[0.99406719, -0.017013118, 0.10742769, -5.7168207;
 0.013406222, 0.99932468, 0.034209095, -6.9736571;
 -0.10793733, -0.032566112, 0.99362433, 12.375031;
 0, 0, 0, 1]
[0.99425417, -0.017120812, 0.1056703, -5.1296248;
 0.01477568, 0.99962801, 0.02293513, -7.3563809;
 -0.10602377, -0.021241968, 0.99413699, 12.45123;
 0, 0, 0, 1]
[0.99388343, -0.021472249, 0.10832974, -5.0129161;
 0.020567512, 0.99974388, 0.0094622085, -7.6585484;
 -0.10850505, -0.0071762386, 0.99407029, 12.246694;
 0, 0, 0, 1]
[0.99425846, -0.028123857, 0.10324033, -5.5137444;
 0.028673265, 0.99958128, -0.0038408202, -8.015132;
 -0.10308929, 0.0067791063, 0.99464923, 11.555986;
 0, 0, 0, 1]
[0.9939537, -0.034493979, 0.10423807, -6.6756997;
 0.034457944, 0.99940354, 0.0021457705, -7.4671736;
 -0.10425007, 0.0014589954, 0.99455005, 10.397264;
 0, 0, 0, 1]
[0.99349272, -0.04160073, 0.10602403, -7.6380987;
 0.041413482, 0.99913424, 0.0039664092, -6.8343086;
 -0.10609761, 0.00045009275, 0.99435592, 9.5714149;
 0, 0, 0, 1]
[0.99344313, -0.046376795, 0.10450024, -8.2627497;
 0.045979548, 0.99892312, 0.0062071905, -6.3106627;
 -0.10467561, -0.0013616331, 0.99450541, 8.9236689;
 0, 0, 0, 1]
[0.99291462, -0.046085123, 0.1095317, -8.4719696;
 0.045096628, 0.9989168, 0.011486158, -6.0840273;
 -0.1099424, -0.0064653307, 0.99391717, 8.6590223;
 0, 0, 0, 1]
[0.99337971, -0.045244016, 0.10559345, -8.4945278;
 0.044126086, 0.99894279, 0.012900827, -5.8710871;
 -0.10606555, -0.0081560845, 0.99432576, 8.4773693;
 0, 0, 0, 1]
[0.99555379, -0.037368435, 0.086463802, -6.4559321;
 0.036231373, 0.99923539, 0.014681215, -5.0506968;
 -0.086946405, -0.011483327, 0.99614698, 7.7232413;
 0, 0, 0, 1]
[0.99814802, -0.022991829, 0.056319892, -2.0868044;
 0.022987116, 0.99973541, 0.00073041843, -3.191241;
 -0.056322116, 0.00056545151, 0.99841279, 6.0399108;
 0, 0, 0, 1]
[0.99932319, -0.0078532174, 0.035933226, 0.60316503;
 0.0076245684, 0.99994963, 0.0065001231, -1.3403406;
 -0.035982657, -0.0062216986, 0.99933326, 4.7991986;
 0, 0, 0, 1]
[0.99966282, 0.0023818512, 0.025846677, 2.2842355;
 -0.0027787206, 0.9998787, 0.015325082, 0.37489617;
 -0.025807271, -0.015391618, 0.99954844, 3.6986778;
 0, 0, 0, 1]
[0.99985808, 0.014194191, 0.0090666097, 3.270267;
 -0.014433349, 0.99953502, 0.026861971, 1.6359354;
 -0.0086812228, -0.026988992, 0.99959797, 2.9806192;
 0, 0, 0, 1]
[0.99981952, 0.01830215, 0.005082903, 3.8496387;
 -0.018478191, 0.99914294, 0.037050519, 2.4871783;
 -0.0044006924, -0.037137788, 0.99930084, 2.4702778;
 0, 0, 0, 1]
[0.99972117, 0.023080492, 0.0049943533, 4.0027299;
 -0.023289016, 0.9986344, 0.046772391, 2.8098807;
 -0.0039080298, -0.046875522, 0.9988932, 2.133203;
 0, 0, 0, 1]
[0.99983102, 0.017800322, 0.004560214, 3.8289604;
 -0.017965997, 0.99906546, 0.039311137, 2.782902;
 -0.0038562156, -0.039386362, 0.9992165, 1.8671628;
 0, 0, 0, 1]
[0.99980032, 0.019696241, -0.0034437443, 3.5531654;
 -0.019532733, 0.99891132, 0.042367201, 2.5920713;
 0.0042745746, -0.042291433, 0.99909633, 1.8530754;
 0, 0, 0, 1]
[0.99987286, 0.015835363, -0.0019410158, 3.2886882;
 -0.015751921, 0.99917865, 0.037342459, 2.3491478;
 0.0025304644, -0.037307225, 0.99930084, 1.9796078;
 0, 0, 0, 1]
[0.99995136, 0.0093494542, -0.0030887891, 3.0293238;
 -0.0092792055, 0.99971581, 0.021939434, 2.0425847;
 0.0032928619, -0.021909831, 0.99975473, 2.1324847;
 0, 0, 0, 1]
[0.9999795, 0.0053599947, 0.0034087931, 2.7109909;
 -0.0054176343, 0.99983865, 0.017126089, 1.7734314;
 -0.0033166946, -0.017144276, 0.99984759, 2.2561994;
 0, 0, 0, 1]
[0.99984038, 0.0074246791, 0.016257174, 2.4629583;
 -0.0077672922, 0.99974728, 0.021108173, 1.5169154;
 -0.016096678, -0.021231271, 0.99964529, 2.4626389;
 0, 0, 0, 1]
[0.99981761, 0.0038912219, 0.018689575, 2.1686831;
 -0.0042375219, 0.99981868, 0.018534882, 1.3056535;
 -0.01861402, -0.018610768, 0.9996534, 2.5642073;
 0, 0, 0, 1]
[0.99992913, 0.001454826, 0.011794003, 1.9620224;
 -0.0016429017, 0.9998709, 0.015965676, 1.1416348;
 -0.011769434, -0.015984092, 0.99980307, 2.7967899;
 0, 0, 0, 1]
[0.99990886, 0.0049098711, 0.01257064, 1.8096656;
 -0.0051384983, 0.99982047, 0.018229162, 0.98295963;
 -0.012478823, -0.018292066, 0.99975473, 2.9652598;
 0, 0, 0, 1]
[0.99985337, 0.00015861851, 0.017139889, 1.6886766;
 -0.00041777766, 0.99988568, 0.01511512, 0.89636356;
 -0.017135475, -0.015120207, 0.99973893, 3.075119;
 0, 0, 0, 1]
[0.99977839, -0.00527188, 0.020373659, 1.6373385;
 0.0051585771, 0.9999705, 0.0056176512, 0.82244188;
 -0.020402692, -0.0055113719, 0.99977636, 3.337081;
 0, 0, 0, 1]
[0.99967623, 0.0026962352, 0.025294837, 1.6215781;
 -0.0032065986, 0.99979162, 0.020166997, 0.86585069;
 -0.025235487, -0.02024159, 0.99947691, 3.510586;
 0, 0, 0, 1]
[0.99981928, 0.0087830611, 0.016842488, 1.6320204;
 -0.0093167135, 0.99944848, 0.031871378, 1.0105126;
 -0.016553603, -0.032022737, 0.99935001, 3.7144108;
 0, 0, 0, 1]
[0.99977887, 0.0024634956, 0.020882178, 1.5867931;
 -0.0029074394, 0.99976927, 0.021263557, 0.97692692;
 -0.020824844, -0.021319482, 0.99955595, 3.7420964;
 0, 0, 0, 1]
[0.99975282, -0.00047125245, 0.022233261, 1.527004;
 0.00014815875, 0.99989396, 0.014539647, 0.92795372;
 -0.022237429, -0.014532676, 0.99964678, 3.6922252;
 0, 0, 0, 1]
[0.99971682, -0.0028110179, 0.023635155, 1.5466117;
 0.0025255731, 0.99992383, 0.012101243, 0.91349477;
 -0.023667416, -0.012038096, 0.99964738, 3.6872177;
 0, 0, 0, 1]
[0.99962425, 0.0045975302, 0.027004957, 1.5939568;
 -0.0052499101, 0.99969405, 0.024147766, 0.89657348;
 -0.026885821, -0.024280464, 0.9993434, 3.6928022;
 0, 0, 0, 1]
[0.99973428, 0.007585763, 0.021770485, 1.5962837;
 -0.00821306, 0.99954945, 0.028870309, 0.92481023;
 -0.021541623, -0.029041486, 0.9993462, 3.629107;
 0, 0, 0, 1]
[0.99969089, 0.0090122577, 0.023184478, 1.663542;
 -0.0097604319, 0.99942857, 0.032365475, 0.90611136;
 -0.022879673, -0.032581873, 0.9992072, 3.5954244;
 0, 0, 0, 1]
[0.99975711, 0.002440135, 0.021893764, 1.7352312;
 -0.0029423553, 0.99973267, 0.022934563, 0.88453114;
 -0.021832105, -0.022993501, 0.99949735, 3.6151583;
 0, 0, 0, 1]
[0.99959689, -0.0038463634, 0.028141035, 1.75652;
 0.0034085535, 0.99987274, 0.015599406, 0.84704345;
 -0.028197546, -0.015497159, 0.99948263, 3.5858526;
 0, 0, 0, 1]
[0.99968952, -0.006969695, 0.023921411, 1.7899622;
 0.0067871427, 0.99994749, 0.0077017848, 0.86997736;
 -0.023974149, -0.0075371205, 0.99968433, 3.5319786;
 0, 0, 0, 1]
[0.99983621, -0.0059674, 0.01710791, 1.8201966;
 0.0058715143, 0.99996686, 0.005665733, 0.85410267;
 -0.017141115, -0.0055644107, 0.99983811, 3.6131761;
 0, 0, 0, 1]
[0.99981219, 0.0011983988, 0.01934511, 1.8228192;
 -0.0015942726, 0.99978966, 0.020458099, 0.89453745;
 -0.019316701, -0.020485174, 0.99960369, 3.6633573;
 0, 0, 0, 1]
[0.99981892, -0.0045496449, 0.018474951, 1.829043;
 0.0043878634, 0.99995136, 0.0087869689, 0.92187721;
 -0.018513998, -0.0087044872, 0.99979025, 3.6982608;
 0, 0, 0, 1]
[0.99969912, -0.0058246404, 0.023833694, 1.8662931;
 0.0056245169, 0.99994874, 0.0084581049, 0.90838122;
 -0.02388192, -0.0083215274, 0.9996807, 3.8892264;
 0, 0, 0, 1]
[0.99991739, -0.00053947128, 0.012833633, 1.8513659;
 0.00034778306, 0.999888, 0.014941515, 0.92761648;
 -0.01284016, -0.014935857, 0.99980628, 3.9910853;
 0, 0, 0, 1]
[0.99986964, 0.0047746198, 0.015412878, 1.8681877;
 -0.0051676431, 0.99965936, 0.0255844, 0.94991773;
 -0.01528558, -0.025660697, 0.99955386, 4.1041837;
 0, 0, 0, 1]
[0.99979645, 0.0076003661, 0.018673673, 1.8333286;
 -0.0081703831, 0.99949759, 0.030622374, 0.96597695;
 -0.018431773, -0.030768901, 0.99935657, 4.1425776;
 0, 0, 0, 1]
[0.99987406, 0.0080157928, 0.01372102, 1.7720578;
 -0.0084143756, 0.9995364, 0.029254412, 0.98016363;
 -0.013480065, -0.02936619, 0.99947792, 4.2535458;
 0, 0, 0, 1]
[0.9999032, 0.0077588395, 0.011571203, 1.7133069;
 -0.0080586178, 0.99962711, 0.026094032, 0.97123879;
 -0.011364647, -0.026184924, 0.99959272, 4.2411513;
 0, 0, 0, 1]
[0.99991578, 0.008263696, 0.0099714613, 1.6607935;
 -0.0085020531, 0.99967307, 0.024108231, 0.97141236;
 -0.0097691519, -0.024190923, 0.99965972, 4.3147693;
 0, 0, 0, 1]
[0.99990946, 0.0022305262, 0.013271211, 1.6858995;
 -0.0024285847, 0.99988562, 0.014914641, 0.93281615;
 -0.013236456, -0.014945677, 0.99980056, 4.3233113;
 0, 0, 0, 1]
[0.99971324, -0.0021439237, 0.023864355, 1.6962922;
 0.0018198949, 0.99990606, 0.013594239, 0.93184757;
 -0.02389124, -0.013546955, 0.99962294, 4.2498178;
 0, 0, 0, 1]
[0.999807, 0.00078256981, 0.019645929, 1.6167164;
 -0.0010491487, 0.99990773, 0.01356106, 0.90719098;
 -0.01963334, -0.013579043, 0.99971521, 4.0479779;
 0, 0, 0, 1]
[0.99976802, -0.002369802, 0.021389097, 1.6553448;
 0.0021830706, 0.99995893, 0.0087539088, 0.66856939;
 -0.021409223, -0.0087054456, 0.99973279, 4.0557442;
 0, 0, 0, 1]
[0.99954861, -0.0040933187, 0.029757898, 1.6344564;
 0.0037800281, 0.99993694, 0.010581377, -0.36975956;
 -0.029799329, -0.010464064, 0.99950123, 4.1797795;
 0, 0, 0, 1]
[0.99948162, -0.014973562, 0.028489159, 1.2803512;
 0.015557221, 0.99967116, -0.020374222, -4.8600998;
 -0.028174823, 0.020806776, 0.99938631, 4.1013284;
 0, 0, 0, 1]
[0.99827576, -0.04228029, 0.040715434, 0.6027782;
 0.045764666, 0.99499351, -0.088841572, -14.64645;
 -0.036755495, 0.090551518, 0.99521327, 2.4057922;
 0, 0, 0, 1]
[0.99464756, -0.084231138, 0.059847157, -0.13653696;
 0.094754145, 0.9745456, -0.20318177, -28.325487;
 -0.041209519, 0.20776497, 0.97731066, -2.4021304;
 0, 0, 0, 1]
[0.98804957, -0.12515, 0.089977607, -0.78408808;
 0.14748064, 0.9372884, -0.31581807, -41.721542;
 -0.044810116, 0.32531387, 0.94454396, -9.7697344;
 0, 0, 0, 1]
[0.98133081, -0.15899724, 0.10821319, -1.3611329;
 0.18961127, 0.89404005, -0.40588215, -52.112595;
 -0.032212678, 0.41882303, 0.90749627, -17.388262;
 0, 0, 0, 1]
[0.97460103, -0.18648727, 0.12399562, -1.8469026;
 0.22333772, 0.85020441, -0.47673181, -58.979816;
 -0.01651749, 0.4923161, 0.87026006, -23.919371;
 0, 0, 0, 1]
[0.96931773, -0.20709467, 0.13242058, -2.2559507;
 0.24581003, 0.81469679, -0.5252111, -62.979515;
 0.00088595133, 0.54164696, 0.84060574, -29.385963;
 0, 0, 0, 1]
[0.96509713, -0.21660215, 0.14720902, -2.831866;
 0.26189023, 0.79679048, -0.54455262, -64.893814;
 0.00065657625, 0.56409919, 0.82570624, -32.771694;
 0, 0, 0, 1]
[0.96481574, -0.21588726, 0.1500804, -3.3917727;
 0.26292759, 0.79372567, -0.54851604, -65.35511;
 -0.00070510036, 0.56867695, 0.82256126, -34.681324;
 0, 0, 0, 1]
[0.96465302, -0.21817034, 0.14780527, -3.5667176;
 0.26350516, 0.79191864, -0.55084515, -64.618294;
 0.0031285586, 0.57032162, 0.82141525, -35.637234;
 0, 0, 0, 1]
[0.96478873, -0.21907817, 0.14556186, -3.6560843;
 0.2630083, 0.79684579, -0.54393333, -63.354721;
 0.0031737054, 0.56306458, 0.82640684, -35.410099;
 0, 0, 0, 1]
[0.96552777, -0.21503986, 0.14667602, -3.8500006;
 0.26026356, 0.80693889, -0.53020078, -61.742432;
 -0.0043443185, 0.55009788, 0.83508903, -34.613613;
 0, 0, 0, 1]
[0.96702099, -0.21678324, 0.13369824, -3.6326828;
 0.25465289, 0.81325442, -0.52322942, -60.031013;
 0.0046966732, 0.54002064, 0.84163851, -33.634407;
 0, 0, 0, 1]
[0.9690994, -0.20871083, 0.13147807, -3.1851325;
 0.24664657, 0.82742155, -0.50451905, -58.291443;
 -0.0034886976, 0.52135736, 0.85333091, -31.934448;
 0, 0, 0, 1]
[0.97104341, -0.19861649, 0.13276537, -2.7524047;
 0.23835182, 0.84318531, -0.48189875, -56.353035;
 -0.016232414, 0.49958953, 0.8661105, -30.184221;
 0, 0, 0, 1]
[0.97613215, -0.18430305, 0.1148849, -2.1300297;
 0.21642086, 0.86960441, -0.44379035, -53.526459;
 -0.018112388, 0.45806167, 0.88873583, -26.43399;
 0, 0, 0, 1]
[0.98269695, -0.15812185, 0.096453547, -1.8254577;
 0.18304911, 0.90857792, -0.37547132, -47.913433;
 -0.028265398, 0.38663045, 0.92180133, -19.346912;
 0, 0, 0, 1]
[0.98777813, -0.12610961, 0.091597959, -2.3160267;
 0.14698727, 0.94918847, -0.2782732, -38.245079;
 -0.051851057, 0.28833607, 0.95612431, -10.139313;
 0, 0, 0, 1]
[0.99307442, -0.092185922, 0.072836466, -1.5200835;
 0.10377689, 0.97891313, -0.17595442, -25.571854;
 -0.055080235, 0.18229452, 0.9817003, -2.6312559;
 0, 0, 0, 1]
[0.99694717, -0.053389218, 0.056970846, 0.088823006;
 0.058167495, 0.99461269, -0.085804611, -13.683146;
 -0.052083086, 0.088856474, 0.99468201, 3.4325151;
 0, 0, 0, 1]
[0.99887723, -0.019780278, 0.043042947, 1.6324919;
 0.020316394, 0.99972093, -0.012051876, -3.4417975;
 -0.042792611, 0.012912676, 0.99900043, 8.3145723;
 0, 0, 0, 1]
[0.99927819, 0.0017725538, 0.037944946, 2.9729271;
 -0.0031011908, 0.99938291, 0.03498365, 4.4803967;
 -0.03785941, -0.035076052, 0.99866718, 11.676414;
 0, 0, 0, 1]
[0.99972802, 0.019307675, 0.013076404, 3.87972;
 -0.020070758, 0.99793756, 0.060974333, 9.8545666;
 -0.011872185, -0.06122008, 0.99805361, 13.534217;
 0, 0, 0, 1]
[0.99951082, 0.02780826, 0.01434114, 4.4234438;
 -0.028862819, 0.99641591, 0.079513811, 12.588187;
 -0.0120784, -0.079888657, 0.99673033, 14.095691;
 0, 0, 0, 1]
[0.99931693, 0.032846011, 0.016929498, 4.6618814;
 -0.034267377, 0.99517536, 0.091932781, 13.433018;
 -0.01382827, -0.092450082, 0.99562162, 13.63769;
 0, 0, 0, 1]
[0.99949521, 0.028856803, 0.013277473, 4.5400238;
 -0.029813264, 0.99645954, 0.078606792, 12.895411;
 -0.010962036, -0.07896293, 0.99681711, 12.710634;
 0, 0, 0, 1]
[0.99962789, 0.02727793, -0.00048072566, 4.370235;
 -0.027181294, 0.99729115, 0.06835182, 11.749315;
 0.0023435894, -0.068313457, 0.99766123, 11.624249;
 0, 0, 0, 1]
[0.99963385, 0.026520874, 0.0053809527, 4.1493359;
 -0.026816655, 0.99749333, 0.065479122, 10.188087;
 -0.0036309408, -0.065599576, 0.99783933, 10.728075;
 0, 0, 0, 1]
[0.99978608, 0.020471996, 0.00292623, 3.8747365;
 -0.020595286, 0.9984684, 0.051350255, 8.4756956;
 -0.0018705156, -0.051399563, 0.9986766, 9.9413815;
 0, 0, 0, 1]
[0.99989331, 0.014432902, 0.0021986035, 3.6195285;
 -0.014505943, 0.99917054, 0.03804398, 6.7698894;
 -0.0016478798, -0.038071908, 0.99927372, 9.1814699;
 0, 0, 0, 1]
[0.99993098, 0.010892007, 0.0044437451, 3.3758974;
 -0.011021052, 0.99948496, 0.030140428, 5.2676277;
 -0.0041133966, -0.030187353, 0.99953574, 8.4383812;
 0, 0, 0, 1]
[0.99987501, 0.003756752, 0.015386948, 3.1785533;
 -0.0040530376, 0.99980611, 0.019277677, 3.9651895;
 -0.015311424, -0.019337598, 0.99969596, 7.9120798;
 0, 0, 0, 1]
[0.99971688, -0.0025115146, 0.023653846, 3.0239768;
 0.002263142, 0.99994212, 0.010523206, 2.9022875;
 -0.023679269, -0.010466641, 0.99966502, 7.5249887;
 0, 0, 0, 1]
[0.99981797, 0.0011928666, 0.019062083, 2.8453238;
 -0.0014963407, 0.99987257, 0.015914222, 2.096844;
 -0.019040622, -0.015939614, 0.99969167, 7.0760555;
 0, 0, 0, 1]
[0.99969065, -0.0037209489, 0.024601117, 2.7495973;
 0.0034911355, 0.99994993, 0.0093850316, 1.5004882;
 -0.024634693, -0.0092961853, 0.99965334, 6.8615212;
 0, 0, 0, 1]
[0.99970227, -0.0021269699, 0.024306431, 2.6945148;
 0.0018484768, 0.99993259, 0.01147404, 1.1206335;
 -0.024329394, -0.011425885, 0.99963874, 6.7910566;
 0, 0, 0, 1]
[0.99965942, -0.0034970753, 0.025853094, 2.6539037;
 0.0032691588, 0.99995536, 0.0088489596, 0.83265853;
 -0.025882961, -0.0087615438, 0.99962646, 6.7808428;
 0, 0, 0, 1]
[0.9998123, -0.008301775, 0.017507911, 2.8809798;
 0.0084816702, 0.99991155, -0.01021652, 0.092108168;
 -0.017421393, 0.010363045, 0.99979466, 6.6197844;
 0, 0, 0, 1]
[0.99994761, 0.00095281855, 0.010202073, 4.8150177;
 -0.00079985341, 0.99988782, -0.014981513, -1.1299605;
 -0.010215369, 0.014972448, 0.99983579, 6.2788267;
 0, 0, 0, 1]
[0.99994767, 0.010151319, 0.0011569061, 7.3589816;
 -0.010122109, 0.99968725, -0.022850754, -2.1924345;
 -0.0013887369, 0.022837752, 0.99973834, 5.8974791;
 0, 0, 0, 1]
[0.99972671, 0.016176386, -0.016858907, 9.3702412;
 -0.016690997, 0.99938405, -0.030848948, -2.9829891;
 0.016349621, 0.031121884, 0.99938166, 5.5001059;
 0, 0, 0, 1]
[0.99936581, 0.020192906, -0.029343423, 10.798291;
 -0.02114745, 0.99924523, -0.03259306, -3.339417;
 0.028662931, 0.033192798, 0.9990384, 5.1911206;
 0, 0, 0, 1]
[0.9989872, 0.024399212, -0.037807018, 11.66404;
 -0.025640031, 0.99913692, -0.032687895, -3.4314971;
 0.036976736, 0.033624128, 0.99875021, 5.0205421;
 0, 0, 0, 1]
[0.99883509, 0.026292179, -0.040463123, 12.216695;
 -0.027659323, 0.99905199, -0.03361145, -3.3797739;
 0.039541099, 0.034691568, 0.99861544, 5.0544047;
 0, 0, 0, 1]
[0.99901336, 0.025530731, -0.03633834, 12.42571;
 -0.026832452, 0.9989993, -0.035795163, -3.418566;
 0.035387967, 0.036734987, 0.99869817, 4.9126353;
 0, 0, 0, 1]
[0.99887973, 0.028194537, -0.038007535, 12.446087;
 -0.029345345, 0.99911737, -0.030066038, -3.3044035;
 0.037126027, 0.031147631, 0.99882519, 5.057961;
 0, 0, 0, 1]
[0.99919724, 0.019988123, -0.034720164, 12.232596;
 -0.021197312, 0.99916935, -0.034810971, -3.1665101;
 0.033995435, 0.035519008, 0.99879056, 5.1705651;
 0, 0, 0, 1]
[0.99943429, 0.016349511, -0.02940008, 11.91279;
 -0.017403521, 0.99920189, -0.035961207, -3.0066037;
 0.028788382, 0.036452405, 0.99892116, 5.2394648;
 0, 0, 0, 1]
[0.99942923, 0.015608479, -0.029967966, 11.581844;
 -0.016780762, 0.99908811, -0.039272185, -2.8994534;
 0.029327456, 0.039752476, 0.99877948, 5.2832222;
 0, 0, 0, 1]
[0.99954623, 0.014678637, -0.026312139, 11.203744;
 -0.015747819, 0.99903947, -0.040893044, -2.7786279;
 0.025686685, 0.041288968, 0.99881703, 5.2684293;
 0, 0, 0, 1]
[0.99945039, 0.017790725, -0.027982211, 10.849758;
 -0.018799255, 0.99916762, -0.036204476, -2.6773274;
 0.027314961, 0.036710452, 0.99895269, 5.2134466;
 0, 0, 0, 1]
[0.99950612, 0.01769574, -0.025963858, 10.537925;
 -0.018574134, 0.9992497, -0.033985849, -2.5780153;
 0.025342748, 0.034451172, 0.99908507, 5.1988654;
 0, 0, 0, 1]
[0.99951237, 0.017849345, -0.025633765, 10.321772;
 -0.018730219, 0.99922788, -0.034547944, -2.502306;
 0.024997126, 0.035011105, 0.9990747, 5.2265725;
 0, 0, 0, 1]
[0.99977911, 0.010373279, -0.018278779, 8.8843327;
 -0.01097931, 0.99938262, -0.0333753, -2.155057;
 0.017921075, 0.033568639, 0.9992758, 5.4760604;
 0, 0, 0, 1]
[0.99999475, 0.0021880954, -0.0024659273, 6.5964718;
 -0.0022637483, 0.99951458, -0.031085469, -1.5550804;
 0.0023965286, 0.031090828, 0.99951375, 5.7319193;
 0, 0, 0, 1]
[0.99992192, -0.0063531692, 0.010729712, 4.42027;
 0.0066162953, 0.99967366, -0.024659032, -0.49623525;
 -0.010569406, 0.024728136, 0.99963796, 6.5002494;
 0, 0, 0, 1]
[0.99981433, -0.010516482, 0.016147148, 2.8216619;
 0.010691431, 0.9998849, -0.010798573, 0.39877984;
 -0.016031913, 0.010969229, 0.99981135, 7.0898299;
 0, 0, 0, 1]
[0.99979919, -0.010853692, 0.016871084, 1.8736125;
 0.010855881, 0.99994147, -3.9346953e-05, 1.146467;
 -0.016869895, 0.00022240142, 0.99985826, 7.5491652;
 0, 0, 0, 1]
[0.99982142, -0.0065093967, 0.017763589, 1.3578888;
 0.0062044291, 0.99983388, 0.017169636, 1.708788;
 -0.017872503, -0.017056327, 0.99969482, 7.7666297;
 0, 0, 0, 1]
[0.99971968, -0.0016125264, 0.023612129, 1.2088312;
 0.0009548876, 0.99961191, 0.027834591, 2.131263;
 -0.023647882, -0.027804319, 0.99933344, 7.9225912;
 0, 0, 0, 1]
[0.99958438, -0.0019823434, 0.028753359, 1.2294962;
 0.0011632966, 0.99959385, 0.028471027, 2.2854342;
 -0.028798308, -0.028425843, 0.99918103, 7.882287;
 0, 0, 0, 1]
[0.99980545, 2.4280573e-06, 0.019714532, 1.4166987;
 -0.00053552276, 0.99963421, 0.027037263, 2.2940159;
 -0.019707328, -0.027042486, 0.99943995, 7.7919283;
 0, 0, 0, 1]
[0.99982804, -0.0020610781, 0.018407805, 1.7048306;
 0.0016415179, 0.99973905, 0.02277359, 2.2167172;
 -0.018449914, -0.022739364, 0.99957085, 7.6692986;
 0, 0, 0, 1]
[0.99950415, -0.005238595, 0.031046484, 2.0318189;
 0.0046962081, 0.99983555, 0.017512918, 2.0669758;
 -0.03113311, -0.017358385, 0.99936455, 7.6748242;
 0, 0, 0, 1]
[0.99944413, -0.0081188586, 0.032336641, 2.298198;
 0.0078805881, 0.99994081, 0.0074912542, 1.8997132;
 -0.032395568, -0.007232137, 0.99944901, 7.6088057;
 0, 0, 0, 1]
[0.99963415, -0.0078966971, 0.025854439, 2.4980254;
 0.0077660284, 0.99995667, 0.0051468457, 1.7509768;
 -0.025894061, -0.0049442952, 0.9996525, 7.562902;
 0, 0, 0, 1]
[0.99947017, -0.0092924386, 0.031199897, 2.666518;
 0.0092435665, 0.99995619, 0.0017124588, 1.5696124;
 -0.031214304, -0.0014229999, 0.99951166, 7.6793613;
 0, 0, 0, 1]
[0.99963236, -0.012368435, 0.024140472, 2.5721774;
 0.012334619, 0.99992353, 0.0015475665, 0.83959097;
 -0.024157865, -0.0012491874, 0.99970758, 7.8193898;
 0, 0, 0, 1]
[0.99885863, -0.022293022, 0.042242881, 0.6181246;
 0.02210715, 0.99974376, 0.0048651099, -0.76893938;
 -0.042340647, -0.0039258455, 0.9990961, 8.4480686;
 0, 0, 0, 1]
[0.99776256, -0.036118809, 0.056263756, -2.1576109;
 0.035937086, 0.9993453, 0.0042384476, -2.7058222;
 -0.056380142, -0.0022070815, 0.99840713, 9.6924353;
 0, 0, 0, 1]
[0.99537504, -0.046471033, 0.084076546, -5.0605183;
 0.045706574, 0.99889439, 0.01099618, -4.4001098;
 -0.084494509, -0.007102489, 0.99639863, 10.819012;
 0, 0, 0, 1]
[0.99338335, -0.058073092, 0.099085271, -7.0278988;
 0.057935689, 0.99831158, 0.0042647473, -5.5928478;
 -0.099165618, 0.0015039552, 0.9950701, 11.529839;
 0, 0, 0, 1]
[0.99265718, -0.060749061, 0.10459923, -8.292347;
 0.060605638, 0.99815142, 0.0045496481, -6.3194509;
 -0.10468233, 0.0018230639, 0.99450403, 11.933085;
 0, 0, 0, 1]
[0.99222565, -0.059320338, 0.1094017, -9.1391611;
 0.058457948, 0.99822825, 0.011076223, -6.6637444;
 -0.1098649, -0.0045947251, 0.99393559, 12.094677;
 0, 0, 0, 1]
[0.9911254, -0.06345021, 0.11681211, -9.5491343;
 0.062610768, 0.99797964, 0.010844603, -6.8279262;
 -0.11726436, -0.003434571, 0.99309498, 12.100898;
 0, 0, 0, 1]
[0.99064022, -0.063100629, 0.12103777, -9.6705999;
 0.062489286, 0.99800617, 0.0088435505, -6.7759471;
 -0.12135473, -0.0011973204, 0.99260825, 12.021303;
 0, 0, 0, 1]
[0.99023438, -0.061895404, 0.12492158, -9.5121946;
 0.061394591, 0.99808282, 0.0078591462, -6.556016;
 -0.12516862, -0.00011284609, 0.99213564, 12.039668;
 0, 0, 0, 1]
[0.99111187, -0.056192134, 0.12057716, -9.1663818;
 0.054965235, 0.99839664, 0.013480444, -6.3035903;
 -0.12114154, -0.0067332727, 0.99261212, 12.036751;
 0, 0, 0, 1]
[0.99087489, -0.054080997, 0.12345988, -8.7668543;
 0.052675687, 0.99850446, 0.014620494, -6.0590315;
 -0.12406576, -0.0079836678, 0.99224168, 12.012127;
 0, 0, 0, 1]
[0.99081182, -0.052956618, 0.12445281, -8.5066423;
 0.051417805, 0.99855649, 0.015546888, -5.8497462;
 -0.12509631, -0.0090049943, 0.99210393, 11.681812;
 0, 0, 0, 1]
[0.99064082, -0.052722208, 0.12590209, -8.1442785;
 0.051402312, 0.99858391, 0.013712312, -5.6687326;
 -0.12644687, -0.007112456, 0.99194783, 11.557166;
 0, 0, 0, 1]
[0.99243373, -0.04888355, 0.11263314, -7.7773004;
 0.047746547, 0.99877822, 0.012772951, -5.5170884;
 -0.11311994, -0.007298395, 0.99355483, 11.41463;
 0, 0, 0, 1]
[0.99297839, -0.051247936, 0.106617, -7.5229793;
 0.050743498, 0.99868399, 0.0074400413, -5.395771;
 -0.10685834, -0.0019778127, 0.99427247, 11.253796;
 0, 0, 0, 1]
[0.99332827, -0.053547274, 0.10213702, -7.3232384;
 0.053565755, 0.99856132, 0.0025635168, -5.3446307;
 -0.10212734, 0.0029244998, 0.99476695, 11.133395;
 0, 0, 0, 1]
[0.99399847, -0.051426649, 0.096549854, -7.0131087;
 0.051163547, 0.9986766, 0.0051993285, -5.2226186;
 -0.096689589, -0.00022832956, 0.99531448, 11.002948;
 0, 0, 0, 1]
[0.99586666, -0.046863325, 0.077802546, -5.6738038;
 0.047188897, 0.99888337, -0.0023502649, -4.8321886;
 -0.077605844, 0.0060119266, 0.9969663, 10.456049;
 0, 0, 0, 1]
[0.99778831, -0.031621311, 0.058471397, -2.3693404;
 0.031647854, 0.9994989, 0.00047591541, -3.3952947;
 -0.058457304, 0.0013754615, 0.99828911, 9.2899027;
 0, 0, 0, 1]
[0.99940199, -0.014430164, 0.031430218, 1.0203263;
 0.014634346, 0.99987382, -0.0062751519, -1.5102861;
 -0.031336002, 0.0067313192, 0.99948651, 8.0250664;
 0, 0, 0, 1]
[0.99992722, 0.0020684008, 0.011901138, 3.1527555;
 -0.0020890732, 0.99999642, 0.0017268236, 0.2684342;
 -0.011897605, -0.0017515763, 0.99992788, 7.1204939;
 0, 0, 0, 1]
[0.99992913, 0.011072323, 0.0044386555, 4.6020284;
 -0.011121095, 0.99987602, 0.011152338, 1.590059;
 -0.0043146582, -0.011200767, 0.99992794, 6.6745586;
 0, 0, 0, 1]
[0.99978554, 0.019761417, -0.0062494795, 5.4972587;
 -0.019625688, 0.99958521, 0.021080028, 2.4787529;
 0.006663586, -0.020952804, 0.99975842, 6.2569304;
 0, 0, 0, 1]
[0.99970645, 0.022283273, -0.0095444061, 5.8680763;
 -0.022064881, 0.99950564, 0.022403203, 2.927238;
 0.01003884, -0.022186052, 0.99970353, 6.0732713;
 0, 0, 0, 1]
[0.99982238, 0.018632714, -0.0029037897, 5.8371572;
 -0.01857404, 0.99964583, 0.019068629, 3.0758994;
 0.0032577552, -0.019011427, 0.99981427, 5.9192476;
 0, 0, 0, 1]
[0.99979353, 0.020221619, -0.0022111668, 5.6581564;
 -0.020150436, 0.99939221, 0.02845541, 3.0706737;
 0.0027851511, -0.028404893, 0.99959284, 5.9835143;
 0, 0, 0, 1]
[0.99990898, 0.012998119, -0.003646387, 5.2873406;
 -0.012923189, 0.99971998, 0.019824073, 2.9459546;
 0.0039028514, -0.019775206, 0.99979728, 5.9341111;
 0, 0, 0, 1]
[0.99990129, 0.013946216, -0.0018278627, 4.9442477;
 -0.013896835, 0.99959594, 0.024805816, 2.721426;
 0.0021729402, -0.024777945, 0.99969095, 6.0770097;
 0, 0, 0, 1]
[0.99982804, 0.015026347, 0.010881263, 4.549046;
 -0.015393744, 0.99928576, 0.034509011, 2.488471;
 -0.010354922, -0.034670584, 0.9993453, 6.1249022;
 0, 0, 0, 1]
[0.99990153, 0.0067491666, 0.012291574, 4.2310944;
 -0.0069930153, 0.99977738, 0.019903528, 2.2251961;
 -0.012154464, -0.019987414, 0.99972636, 6.2575569;
 0, 0, 0, 1]
[0.99987161, 0.0077870837, 0.014024802, 3.901871;
 -0.0081103425, 0.99969918, 0.02315242, 1.9922124;
 -0.013840237, -0.023263175, 0.99963373, 6.3334084;
 0, 0, 0, 1]
[0.99977016, 0.0024457958, 0.021304119, 3.6326332;
 -0.0028186953, 0.99984276, 0.017494591, 1.7738874;
 -0.021258175, -0.017550686, 0.9996202, 6.4074516;
 0, 0, 0, 1]
[0.99976164, 0.0041034427, 0.021447642, 3.4145224;
 -0.0045420532, 0.99978101, 0.020436348, 1.6396186;
 -0.021359002, -0.020528803, 0.99956113, 6.468482;
 0, 0, 0, 1]
[0.99974811, 0.0046384232, 0.021954047, 3.3155293;
 -0.0050912378, 0.99977416, 0.020618768, 1.4930645;
 -0.021853482, -0.020725343, 0.99954647, 6.5984139;
 0, 0, 0, 1]
[0.99992126, 0.0043050232, 0.01180417, 3.2606227;
 -0.0045002168, 0.9998526, 0.016569953, 1.4266407;
 -0.011731099, -0.016621934, 0.99979311, 6.7588577;
 0, 0, 0, 1]
[0.99996001, -0.00149718, 0.0088121174, 3.19227;
 0.0014210666, 0.99996191, 0.0086486023, 1.3905736;
 -0.0088249724, -0.0086356821, 0.99992371, 6.8165236;
 0, 0, 0, 1]
[0.99999708, -0.00069051411, 0.0022769519, 3.1634419;
 0.00067210617, 0.99996668, 0.0081118485, 1.3426888;
 -0.0022825797, -0.0081104431, 0.99996424, 6.9126711;
 0, 0, 0, 1]
[0.99992746, -0.0046747727, 0.01113257, 3.0576415;
 0.0045974348, 0.99996543, 0.0069668549, 1.3016192;
 -0.011164986, -0.0069152256, 0.99991411, 6.9159927;
 0, 0, 0, 1]
[0.99996698, -0.00098457863, 0.00804241, 2.9788048;
 0.00090171443, 0.99994659, 0.010282613, 1.2796715;
 -0.0080522988, -0.010274933, 0.99991465, 6.7770662;
 0, 0, 0, 1]
[0.99983037, -0.002851889, 0.018212542, 3.0377874;
 0.0026237841, 0.9999187, 0.012521878, 1.3055311;
 -0.018246742, -0.012471838, 0.9997558, 6.8041129;
 0, 0, 0, 1]
[0.99980009, -0.008425721, 0.018148461, 3.0182371;
 0.0083681177, 0.99996001, 0.0032596393, 1.2659084;
 -0.018175175, -0.0031071384, 0.99983025, 6.8148365;
 0, 0, 0, 1]
[0.99958283, -0.010557908, 0.02688852, 2.9686098;
 0.01041412, 0.99993092, 0.0054817544, 1.2449038;
 -0.026944689, -0.0051993425, 0.99962372, 6.6760559;
 0, 0, 0, 1]
[0.99982989, -0.0052147042, 0.017716419, 2.9590378;
 0.0050962279, 0.99996483, 0.0067255311, 1.2534345;
 -0.017750749, -0.0066339779, 0.99982077, 6.6991081;
 0, 0, 0, 1]
[0.99969625, -0.0055098813, 0.024012668, 3.024194;
 0.0052499864, 0.99992692, 0.010869415, 1.2704509;
 -0.024071086, -0.010740063, 0.99965245, 6.8197613;
 0, 0, 0, 1]
[0.99986625, -0.00058729318, 0.016365301, 3.0301373;
 0.00036222176, 0.99990547, 0.013765404, 1.2991726;
 -0.016371923, -0.013757605, 0.99977171, 6.8899484;
 0, 0, 0, 1]
[0.9998225, 0.0048053428, 0.018222129, 3.0240564;
 -0.0051748906, 0.99978065, 0.020286273, 0.674622;
 -0.018120626, -0.020377107, 0.99962789, 6.6723452;
 0, 0, 0, 1]
[0.99978518, -0.0013712994, 0.020690486, 3.2851939;
 0.0011900319, 0.9999609, 0.0087704239, -1.1088588;
 -0.020701958, -0.0087439073, 0.99974781, 6.7942815;
 0, 0, 0, 1]
[0.99986368, -0.0039562783, 0.016026113, 3.6570783;
 0.003982598, 0.99999052, -0.0016161199, -3.4194348;
 -0.016019452, 0.001679778, 0.99987024, 8.133975;
 0, 0, 0, 1]
[0.9998157, -0.0030409344, 0.018947782, 3.8097572;
 0.0030389361, 0.99999505, 0.00012926222, -4.898695;
 -0.018948061, -7.1503913e-05, 0.99982005, 10.2634;
 0, 0, 0, 1]
[0.99980712, -0.00052785751, 0.019613495, 3.9826427;
 0.00039964617, 0.99997818, 0.0065303952, -5.5283599;
 -0.01961638, -0.0065213302, 0.99978608, 12.12131;
 0, 0, 0, 1]
[0.99951136, -0.0025792508, 0.031152621, 4.0582633;
 0.0022251427, 0.99993241, 0.011401162, -5.5356107;
 -0.031179845, -0.011326156, 0.99944961, 13.554131;
 0, 0, 0, 1]
[0.9992587, -0.0018151737, 0.038459215, 4.1309481;
 0.0012661848, 0.99989688, 0.014300004, -5.1674142;
 -0.038481165, -0.014240745, 0.99915791, 14.697948;
 0, 0, 0, 1]
[0.9990797, -0.0006971921, 0.042896029, 4.1502285;
 3.4097975e-05, 0.99988091, 0.01545943, -4.7652917;
 -0.042901814, -0.015443819, 0.99896038, 15.234484;
 0, 0, 0, 1]
[0.99900097, 0.0016256829, 0.044655837, 4.1197672;
 -0.0025207181, 0.99979675, 0.019994898, -4.5900359;
 -0.044614535, -0.02008757, 0.99880248, 15.252251;
 0, 0, 0, 1]
[0.99903303, 0.0010497551, 0.043946646, 4.0789986;
 -0.0017522851, 0.99987096, 0.015954781, -4.621057;
 -0.043924212, -0.016016321, 0.99890655, 14.920475;
 0, 0, 0, 1]
[0.99887389, -0.00032272245, 0.047442596, 4.032454;
 -0.00036439794, 0.99989516, 0.014474425, -4.4544344;
 -0.047442354, -0.014475426, 0.9987691, 14.627019;
 0, 0, 0, 1]
[0.99880666, -0.00053585408, 0.048839569, 3.9671423;
 -4.6558504e-05, 0.99992895, 0.011921219, -4.3268414;
 -0.048842471, -0.011909232, 0.99873543, 14.334249;
 0, 0, 0, 1]
[0.99871957, -0.0030681011, 0.050496142, 3.8620033;
 0.002589264, 0.9999513, 0.0095493821, -4.4139471;
 -0.050523289, -0.0094064493, 0.99867862, 13.799495;
 0, 0, 0, 1]
[0.99904519, -0.0052795098, 0.04336492, 3.771631;
 0.0051715164, 0.99998283, 0.0026082883, -4.5594001;
 -0.043377846, -0.0023815809, 0.99905592, 13.279407;
 0, 0, 0, 1]
[0.99919069, -0.005972812, 0.039776485, 3.7083271;
 0.0058342423, 0.99997663, 0.0035964216, -4.7655635;
 -0.039797321, -0.0033615062, 0.99920213, 12.915464;
 0, 0, 0, 1]
[0.99925369, -0.0059694243, 0.038168177, 3.628067;
 0.0057680844, 0.99996901, 0.0053814412, -4.88974;
 -0.038199127, -0.0051572341, 0.99925697, 12.674348;
 0, 0, 0, 1]
[0.99904579, -0.008904743, 0.042757545, 3.5633595;
 0.0089143226, 0.99996024, -3.1260104e-05, -5.1240931;
 -0.042755414, 0.00041249176, 0.99908543, 12.290532;
 0, 0, 0, 1]
[0.99880189, -0.01236071, 0.047347501, 3.1643867;
 0.012559487, 0.99991369, -0.0039009086, -5.5179963;
 -0.047295433, 0.0044908682, 0.99887091, 10.819218;
 0, 0, 0, 1]
[0.99913383, -0.012118816, 0.039805081, 2.9160709;
 0.012496044, 0.999879, -0.0092392452, -5.1471772;
 -0.039688591, 0.0097285127, 0.99916476, 8.596612;
 0, 0, 0, 1]
[0.99904734, -0.011427651, 0.042115804, 2.7291682;
 0.011639213, 0.99992061, -0.0047857598, -3.4980972;
 -0.042057678, 0.0052714455, 0.99910098, 6.5098681;
 0, 0, 0, 1]
[0.99933267, -0.010594295, 0.034963474, 2.6972113;
 0.010850826, 0.9999153, -0.0071486197, -1.4260896;
 -0.034884751, 0.0075232247, 0.99936318, 4.9353614;
 0, 0, 0, 1]
[0.9997074, -0.0038943621, 0.023887999, 2.7489555;
 0.0037720311, 0.99997985, 0.0051638349, 0.32759431;
 -0.023907449, -0.0050722416, 0.99970138, 4.165256;
 0, 0, 0, 1]
[0.99988109, 0.00015146876, 0.015437168, 2.8149099;
 -0.00042763408, 0.9998402, 0.017882083, 1.6569182;
 -0.01543206, -0.017886564, 0.99972111, 3.9137225;
 0, 0, 0, 1]
[0.99992973, 0.0061642216, 0.010136897, 2.9218667;
 -0.006444701, 0.99959022, 0.027890835, 2.5506866;
 -0.0099608488, -0.027954293, 0.99955994, 4.166399;
 0, 0, 0, 1]
[0.99982893, 0.0079647023, 0.016721964, 2.9250762;
 -0.0087050106, 0.99896383, 0.044671517, 3.2212744;
 -0.016348956, -0.044809517, 0.99886209, 4.4242668;
 0, 0, 0, 1]
[0.99989569, 0.011502848, 0.008767372, 2.9606435;
 -0.011944947, 0.99856704, 0.052165471, 3.3520868;
 -0.0081544919, -0.052264702, 0.99859983, 4.6583257;
 0, 0, 0, 1]
[0.99977481, 0.014164905, 0.015802255, 2.961679;
 -0.015058714, 0.99820524, 0.057960384, 3.2733068;
 -0.014952883, -0.058185186, 0.99819374, 4.7921424;
 0, 0, 0, 1]
[0.99977893, 0.01599611, 0.013659492, 2.9121552;
 -0.016807877, 0.99796486, 0.061520185, 3.0987294;
 -0.012647778, -0.061736241, 0.99801266, 4.7567825;
 0, 0, 0, 1]
[0.99980211, 0.015447806, 0.012505972, 2.9685838;
 -0.016134186, 0.99825549, 0.056789093, 2.862932;
 -0.011607165, -0.056979813, 0.9983077, 4.9389625;
 0, 0, 0, 1]
[0.99980098, 0.014160975, 0.014023198, 3.0379937;
 -0.014860525, 0.99858332, 0.051088464, 2.5812266;
 -0.013279805, -0.051286597, 0.99859536, 5.0929637;
 0, 0, 0, 1]
[0.99982053, 0.0076417876, 0.017354619, 3.0787017;
 -0.0083692847, 0.99907172, 0.042258296, 2.2295513;
 -0.017015653, -0.042395949, 0.99895602, 5.3138728;
 0, 0, 0, 1]
[0.99987018, 0.0030974185, 0.015834242, 3.1423888;
 -0.0035610949, 0.99956352, 0.02933977, 1.988148;
 -0.015736602, -0.029392414, 0.99944419, 5.5133939;
 0, 0, 0, 1]
[0.99973691, -0.00025258251, 0.022929078, 3.175369;
 -0.00033352376, 0.99967355, 0.025555506, 1.7731882;
 -0.022928175, -0.02555657, 0.99941027, 5.5967569;
 0, 0, 0, 1]
[0.99960667, -0.001749273, 0.02798387, 3.196774;
 0.0011262941, 0.99975151, 0.022263244, 1.5907669;
 -0.028015891, -0.022222972, 0.99936038, 5.6577454;
 0, 0, 0, 1]
[0.99965709, 0.00044755379, 0.026183149, 3.185075;
 -0.0011404044, 0.99964964, 0.026454166, 1.4948837;
 -0.026162228, -0.026474878, 0.9993071, 5.6638818;
 0, 0, 0, 1]
[0.99951339, -0.00076017407, 0.031191608, 3.1649659;
 -7.7512894e-05, 0.99963981, 0.026845556, 1.4241927;
 -0.031200843, -0.026834948, 0.99915272, 5.654706;
 0, 0, 0, 1]
[0.99978787, -0.0015908922, 0.020517178, 3.1717031;
 0.0011394288, 0.99975729, 0.021994304, 1.4036702;
 -0.020547347, -0.021966236, 0.99954742, 5.7152085;
 0, 0, 0, 1]
[0.99983102, -0.003620696, 0.018023016, 3.121372;
 0.0033197624, 0.99985462, 0.016697593, 1.3598938;
 -0.018080996, -0.016635086, 0.99969804, 5.6484938;
 0, 0, 0, 1]
[0.99993443, -0.00033452778, 0.01145603, 3.1119461;
 9.4461597e-05, 0.99977952, 0.020981688, 1.3446296;
 -0.011460393, -0.020979321, 0.9997142, 5.6597109;
 0, 0, 0, 1]
[0.99997711, 2.0700263e-06, 0.006730142, 3.0419879;
 -0.00012702995, 0.99982768, 0.018564021, 1.3163584;
 -0.0067289975, -0.018564442, 0.99980474, 5.5633225;
 0, 0, 0, 1]
[0.99998599, 0.00083713833, 0.0052256617, 3.0675614;
 -0.00094913546, 0.99976856, 0.02148997, 1.327988;
 -0.0052067353, -0.021494612, 0.99975568, 5.6334467;
 0, 0, 0, 1]
[0.99999595, 0.00087094342, 0.0026058892, 3.0128255;
 -0.00092155766, 0.99981016, 0.019464703, 1.2976686;
 -0.0025887883, -0.019467046, 0.99980688, 5.6923585;
 0, 0, 0, 1]
[0.99997556, 0.0013438277, 0.0068667852, 3.0218515;
 -0.0014605979, 0.99985445, 0.017007226, 1.3173932;
 -0.0068426356, -0.017016629, 0.99983132, 5.7678056;
 0, 0, 0, 1]
[0.99997962, 0.0016973825, 0.0061726286, 2.9254718;
 -0.0018154667, 0.99981463, 0.019164747, 1.2880359;
 -0.0061389306, -0.019175511, 0.99979746, 5.6070113;
 0, 0, 0, 1]
[0.99998438, 0.00074696389, 0.0055792239, 2.9172556;
 -0.0008327922, 0.99988073, 0.015418076, 1.263001;
 -0.0055667497, -0.015422394, 0.99986583, 5.7456622;
 0, 0, 0, 1]
[0.99984956, -0.00026486302, 0.017342564, 2.9245501;
 -6.4181542e-05, 0.99982005, 0.018973723, 1.2587125;
 -0.017344695, -0.01897203, 0.99966967, 5.7660737;
 0, 0, 0, 1]
[0.99980819, -0.0047777961, 0.018983606, 3.0026577;
 0.0045942953, 0.99994236, 0.0096965823, 1.241769;
 -0.019029191, -0.0096076839, 0.99977285, 5.7181964;
 0, 0, 0, 1]
[0.99997956, -0.0011193772, 0.0063337591, 3.0970714;
 0.0010420701, 0.99992567, 0.012162892, 1.2964715;
 -0.006347084, -0.01215598, 0.99990618, 5.7674685;
 0, 0, 0, 1]
[0.99994576, -0.0018281973, 0.010303612, 3.1649597;
 0.0016905831, 0.99990946, 0.013359882, 1.292429;
 -0.010327088, -0.013341849, 0.9998579, 5.7827191;
 0, 0, 0, 1]
[0.99988115, 7.9220357e-05, 0.01541738, 3.223294;
 -0.00037745008, 0.99981278, 0.019345773, 1.3291622;
 -0.015412889, -0.019349266, 0.99969387, 5.8161731;
 0, 0, 0, 1]
[0.99981749, 0.0032781886, 0.018841173, 3.2632194;
 -0.0037336471, 0.99970073, 0.024190262, 1.3587655;
 -0.018756257, -0.02425617, 0.99953008, 5.9865122;
 0, 0, 0, 1]
[0.99976063, 0.0053579607, 0.021220157, 3.2866096;
 -0.0059444155, 0.99959946, 0.027673997, 1.3669227;
 -0.021063322, -0.027793515, 0.99939173, 6.1071119;
 0, 0, 0, 1]
[0.99954212, 0.0020196727, 0.030193761, 3.2889438;
 -0.0027861889, 0.9996742, 0.025369048, 1.3903863;
 -0.03013289, -0.025441721, 0.9992224, 6.080512;
 0, 0, 0, 1]
[0.99976933, 0.0016495328, 0.021412609, 3.2467947;
 -0.0021806348, 0.99968982, 0.024803104, 1.382425;
 -0.021365205, -0.024844069, 0.99946308, 6.0880527;
 0, 0, 0, 1]
[0.99972284, 0.0016140231, 0.023487417, 3.169199;
 -0.0021811628, 0.99970591, 0.024142057, 1.3751249;
 -0.023441836, -0.024186715, 0.99943286, 5.9889221;
 0, 0, 0, 1]
[0.9996835, 0.0043530031, 0.024780465, 3.1884651;
 -0.0051151454, 0.99951315, 0.030776858, 1.4007158;
 -0.024634294, -0.030893823, 0.99921888, 6.1453924;
 0, 0, 0, 1]
[0.99955267, 0.0018007822, 0.029852401, 3.1970558;
 -0.0026427731, 0.99959916, 0.028189203, 1.4078579;
 -0.029789699, -0.028255476, 0.99915683, 6.2513132;
 0, 0, 0, 1]
