[-78.730331, -64.713188, -15.144731, 32.534245, 47.195961, -12.073301, 5.0574169, -14.779226, 2.371484;
 -62.657101, -25.480343, -57.822731, -25.858957, -65.925201, 43.297321, 42.856434, 61.137943, 60.617958;
 401.0939, 403.67734, 414.01041, 433.91153, 441.73169, 400.00217, 408.00809, 407.23364, 414.97256;
 1, 1, 1, 1, 1, 1, 1, 1, 1]
[-79.508987, -65.527916, -16.056854, 31.555155, 46.36438, -12.965939, 4.1417332, -15.696804, 1.44296;
 -62.244137, -25.104563, -57.585384, -25.637417, -65.739845, 43.669796, 43.087292, 61.529594, 60.85437;
 400.46698, 403.11069, 413.6684, 433.80667, 440.91455, 400.04904, 407.74692, 407.28271, 414.70541;
 1, 1, 1, 1, 1, 1, 1, 1, 1]
[-79.503059, -65.527916, -16.040674, 31.555155, 46.371063, -12.953235, 4.1417332, -15.681065, 1.44296;
 -62.368984, -25.104563, -57.533455, -25.637417, -65.615639, 43.631577, 43.087292, 61.474705, 60.85437;
 400.46967, 403.11069, 413.2579, 433.80667, 440.91461, 399.66156, 407.74692, 406.88156, 414.70541;
 1, 1, 1, 1, 1, 1, 1, 1, 1]
[-79.695709, -65.730537, -16.284678, 31.525982, 46.07589, -13.190914, 3.9129505, -15.921003, 1.2053918;
 -62.356308, -25.100567, -57.584332, -25.615904, -65.697487, 43.554359, 43.088097, 61.527508, 60.740673;
 400.3136, 402.96918, 413.58252, 433.405, 440.50867, 399.96213, 407.68127, 407.19516, 414.63681;
 1, 1, 1, 1, 1, 1, 1, 1, 1]
[-79.69574, -65.454765, -16.040894, 31.74095, 46.321957, -13.422712, 3.9141152, -16.159042, 0.98145956;
 -62.59388, -25.439201, -57.766777, -25.826279, -65.922478, 45.176922, 44.679924, 62.964737, 62.353779;
 400.31564, 402.67798, 413.25928, 433.03159, 440.51581, 400.25525, 407.67291, 407.50134, 415.36246;
 1, 1, 1, 1, 1, 1, 1, 1, 1]
[-79.891838, -65.601898, -16.312824, 31.677462, 45.957294, -17.618038, -0.17476098, -21.31901, -3.7436066;
 -68.296967, -31.18062, -63.596355, -31.064783, -70.952385, 71.5877, 71.016121, 87.71991, 86.875519;
 401.24664, 402.14557, 414.02762, 432.2518, 441.71979, 409.75311, 416.98831, 419.64859, 426.61035;
 1, 1, 1, 1, 1, 1, 1, 1, 1]
[-79.521561, -64.922531, -16.071173, 32.10511, 45.95636, -22.49262, -4.9969997, -27.340075, -9.8465204;
 -70.549011, -33.533623, -66.109032, -33.696918, -73.436584, 88.606476, 88.112083, 102.38064, 101.81712;
 400.53641, 400.71494, 413.71729, 431.51849, 441.72769, 424.01251, 430.94122, 437.10693, 443.68689;
 1, 1, 1, 1, 1, 1, 1, 1, 1]
[-79.433357, -64.581444, -16.054674, 32.319313, 46.16206, -22.770941, -5.2476692, -27.636633, -9.8661509;
 -70.240295, -33.238247, -65.816109, -33.430103, -73.363396, 89.25, 88.756287, 102.82213, 102.28573;
 400.09174, 399.99234, 413.30551, 431.1467, 441.33292, 424.78754, 431.72992, 437.93228, 444.13776;
 1, 1, 1, 1, 1, 1, 1, 1, 1]
[-79.263985, -64.511513, -15.788448, 32.503319, 46.319901, -22.769531, -5.2391381, -27.635592, -10.122568;
 -69.737076, -32.736324, -65.349785, -33.136185, -72.881477, 89.971924, 89.35862, 103.31841, 102.8804;
 399.20386, 399.55914, 412.57144, 430.37955, 440.53793, 424.78342, 431.72955, 437.92944, 444.51862;
 1, 1, 1, 1, 1, 1, 1, 1, 1]
[-80.112816, -65.448807, -16.700523, 31.561005, 45.743851, -18.373755, -0.86840755, -22.081341, -4.4230924;
 -67.50528, -30.317417, -63.131805, -30.961094, -70.785797, 71.177979, 70.578644, 87.495468, 86.850746;
 399.00247, 399.83673, 412.21292, 430.65906, 439.72052, 406.15448, 413.16907, 416.30832, 423.03485;
 1, 1, 1, 1, 1, 1, 1, 1, 1]
[-79.744377, -65.173477, -16.196558, 31.776331, 45.958225, -17.461155, 0.04890753, -20.538298, -3.2043223;
 -66.200203, -29.241051, -61.802868, -29.99555, -69.883965, 58.643955, 58.26062, 75.491875, 75.221718;
 398.26794, 399.54001, 411.15518, 430.28638, 439.3277, 400.53619, 407.60791, 408.54428, 416.04904;
 1, 1, 1, 1, 1, 1, 1, 1, 1]
[-79.267593, -64.972466, -15.979979, 32.020302, 46.403862, -11.923677, 5.2144384, -14.817874, 2.3426192;
 -66.048523, -29.010975, -61.51133, -29.289915, -69.21917, 41.020962, 40.66563, 58.954086, 58.517231;
 398.14139, 399.67917, 411.64752, 430.31097, 438.94232, 395.0321, 402.74579, 401.99829, 409.46371;
 1, 1, 1, 1, 1, 1, 1, 1, 1]
[-79.840744, -65.573334, -16.415943, 31.506472, 45.8661, -12.337735, 4.9822149, -14.995698, 2.1039853;
 -65.299088, -28.292852, -60.756756, -28.571981, -68.603516, 40.053932, 39.811802, 58.11478, 57.619648;
 397.6673, 399.25009, 411.06372, 429.85718, 438.52921, 394.1087, 401.93292, 400.74002, 408.62015;
 1, 1, 1, 1, 1, 1, 1, 1, 1]
[-80.501114, -66.043808, -16.856575, 31.232742, 45.540043, -12.784675, 4.5276794, -15.44113, 1.647115;
 -64.851692, -27.606966, -60.118923, -28.20557, -68.032822, 40.755844, 40.374615, 58.677048, 58.306034;
 397.63208, 399.39099, 410.47888, 429.43201, 437.72794, 394.31119, 401.79617, 400.5585, 408.48068;
 1, 1, 1, 1, 1, 1, 1, 1, 1]
[-80.037529, -65.843597, -16.647474, 31.290579, 45.826435, -12.566767, 4.7533121, -15.235694, 1.8757651;
 -64.688904, -27.61149, -60.174374, -28.0187, -68.076729, 40.75742, 40.374027, 58.731129, 58.305191;
 397.50394, 399.53296, 410.97247, 430.22314, 438.13162, 394.39737, 401.86243, 401.0376, 408.54871;
 1, 1, 1, 1, 1, 1, 1, 1, 1]
[-80.120071, -65.640381, -16.647474, 31.29318, 45.86755, -12.563386, 4.7611909, -15.236054, 1.8771268;
 -64.878616, -27.738422, -60.174374, -28.131632, -68.132378, 40.646572, 40.295021, 58.503841, 58.126938;
 397.94559, 399.67584, 410.97247, 430.22357, 438.52777, 394.39981, 402.24084, 401.03888, 408.93896;
 1, 1, 1, 1, 1, 1, 1, 1, 1]
[-79.826553, -65.514008, -16.454849, 31.561831, 45.94923, -12.358371, 4.7615061, -15.262133, 1.8783246;
 -65.444504, -28.353218, -60.749443, -28.50671, -68.479881, 40.012424, 39.768177, 58.039005, 57.719746;
 398.70227, 400.25241, 411.87704, 430.64957, 439.32254, 394.86865, 402.6192, 401.82834, 409.33102;
 1, 1, 1, 1, 1, 1, 1, 1, 1]
[-79.635063, -65.310104, -16.244705, 31.619644, 46.038116, -12.143669, 4.9920416, -15.041166, 2.1073327;
 -65.694756, -28.480331, -61.038326, -28.788923, -68.704468, 39.901257, 39.576279, 57.813461, 57.490219;
 398.8605, 400.39496, 412.37326, 431.44571, 440.11966, 394.95319, 403.06354, 401.91736, 409.39984;
 1, 1, 1, 1, 1, 1, 1, 1, 1]
[-79.531448, -65.383736, -16.017628, 31.863203, 46.28463, -12.166344, 5.0007663, -15.059985, 2.1113451;
 -65.774597, -28.621199, -61.039524, -28.785109, -68.692451, 40.642628, 40.39658, 58.661324, 58.276363;
 399.45728, 400.82721, 412.4592, 431.47284, 440.12628, 395.70905, 403.43884, 402.30328, 410.17709;
 1, 1, 1, 1, 1, 1, 1, 1, 1]
[-79.443344, -65.11232, -16.001717, 31.836542, 46.28463, -16.832581, 0.52394772, -20.750513, -3.2572277;
 -65.945061, -28.832865, -61.217297, -28.874096, -68.692451, 71.788818, 71.398041, 88.033485, 87.315437;
 399.01852, 400.53848, 412.05209, 431.07556, 440.12628, 407.58929, 415.17926, 417.70605, 424.64178;
 1, 1, 1, 1, 1, 1, 1, 1, 1]
[-79.257683, -65.04731, -16.01948, 32.04834, 46.491325, -20.969578, -3.49125, -25.364511, -7.9662113;
 -67.729301, -30.562269, -62.902756, -30.250689, -70.152786, 85.465088, 85.104774, 99.984993, 99.661652;
 399.18802, 400.12082, 412.47015, 430.71097, 439.73962, 417.2034, 424.16458, 428.6347, 435.68442;
 1, 1, 1, 1, 1, 1, 1, 1, 1]
[-79.263985, -64.7089, -16.031353, 32.048367, 46.322979, -22.635742, -5.2186065, -27.702824, -10.04712;
 -69.737076, -32.618629, -64.941208, -32.236252, -71.935516, 88.871132, 88.594566, 102.59589, 102.17999;
 399.20386, 399.41824, 412.89215, 430.71863, 440.53516, 422.18246, 429.57877, 435.07352, 441.79285;
 1, 1, 1, 1, 1, 1, 1, 1, 1]
[-79.632271, -65.04998, -16.038202, 32.047272, 46.122845, -23.209694, -5.7206507, -28.32736, -10.848362;
 -70.338615, -33.147591, -65.523697, -32.938499, -72.593063, 89.400497, 89.160522, 103.08186, 102.5399;
 399.93491, 400.1409, 412.89432, 430.72128, 440.9306, 424.16559, 431.15369, 437.17697, 443.84106;
 1, 1, 1, 1, 1, 1, 1, 1, 1]
[-79.632294, -65.053276, -16.037975, 31.86307, 46.123592, -23.746614, -6.2195888, -28.895245, -11.117795;
 -70.101257, -33.025173, -65.290588, -32.763378, -72.356331, 89.885818, 89.648834, 103.37232, 102.98289;
 399.9328, 400.1395, 412.89297, 431.48813, 440.9299, 425.28665, 432.30634, 438.37119, 444.68045;
 1, 1, 1, 1, 1, 1, 1, 1, 1]
[-79.351913, -64.778572, -16.031353, 32.077465, 46.117001, -23.489414, -6.2193799, -28.625864, -11.117548;
 -69.807541, -32.650677, -64.941208, -32.497425, -72.243866, 90.046013, 89.890526, 103.52504, 103.2317;
 399.64481, 399.84775, 412.89215, 431.11646, 440.92905, 424.94156, 432.30505, 438.00314, 444.67911;
 1, 1, 1, 1, 1, 1, 1, 1, 1]
[-79.913116, -65.324631, -16.50905, 31.804159, 45.87598, -22.353251, -4.9643908, -27.106253, -9.780489;
 -70.157898, -33.052334, -65.346916, -32.942837, -72.605774, 87.396927, 87.155647, 101.35297, 101.03107;
 400.21909, 400.42938, 413.13089, 430.69418, 440.92413, 421.42447, 428.375, 433.45175, 440.51385;
 1, 1, 1, 1, 1, 1, 1, 1, 1]
[-80.201813, -65.716667, -16.699865, 31.319305, 45.541412, -19.307465, -1.7933015, -22.987696, -5.6188264;
 -67.099167, -29.994593, -62.433144, -30.028473, -69.910461, 72.100479, 71.862579, 88.188919, 87.881622;
 399.43961, 400.12366, 412.2088, 430.62769, 440.10916, 406.58853, 413.67935, 415.9303, 423.07922;
 1, 1, 1, 1, 1, 1, 1, 1, 1]
