[-72.268211, -57.717358, -8.322238, 40.246166, 54.927338, -5.1398959, 12.443933, -6.2856884, 11.211617;
 -66.236252, -28.983284, -61.403179, -29.177822, -69.017639, 40.385811, 38.611862, 58.148102, 56.255112;
 376.72244, 377.11652, 387.3165, 403.98868, 412.48407, 368.91928, 375.72137, 376.60004, 383.29034;
 1, 1, 1, 1, 1, 1, 1, 1, 1]
[-72.009735, -57.464321, -8.1015644, 40.472244, 55.158524, -4.9342918, 12.659945, -6.0762482, 11.417872;
 -65.961922, -28.854843, -61.295403, -29.068462, -69.005592, 40.59676, 38.715496, 58.363594, 56.422638;
 376.47009, 376.86209, 387.3988, 404.0144, 412.49088, 369.00006, 375.78543, 376.68094, 383.00916;
 1, 1, 1, 1, 1, 1, 1, 1, 1]
[-71.821442, -57.273628, -7.8791451, 40.704067, 55.389679, -4.519145, 12.857647, -5.8670411, 11.633842;
 -66.093674, -28.859505, -61.244759, -28.950943, -68.993507, 40.566986, 38.790035, 58.365627, 56.421612;
 376.62067, 376.99548, 387.11682, 404.04019, 412.49744, 368.82843, 375.51529, 376.76282, 383.07208;
 1, 1, 1, 1, 1, 1, 1, 1, 1]
[-71.821442, -57.273628, -7.6570487, 40.897587, 55.389679, -4.519145, 13.058578, -5.8670411, 11.633842;
 -66.093674, -28.859505, -61.19418, -28.924625, -68.993507, 40.566986, 38.758965, 58.365627, 56.421612;
 376.62067, 376.99548, 386.83521, 403.7171, 412.49744, 368.82843, 375.24756, 376.76282, 383.07208;
 1, 1, 1, 1, 1, 1, 1, 1, 1]
[-71.645424, -57.27383, -7.6647148, 40.703762, 55.436253, -4.5194292, 13.069836, -5.8673601, 11.839417;
 -66.213219, -29.081526, -61.464699, -29.170088, -69.045959, 40.357841, 38.579903, 58.152199, 56.1618;
 376.76706, 376.99719, 387.19934, 404.04108, 412.84689, 368.82962, 375.57925, 376.76401, 382.79343;
 1, 1, 1, 1, 1, 1, 1, 1, 1]
[-71.387138, -57.086109, -7.6782808, 40.92952, 55.666798, -4.3105593, 13.282093, -5.4382758, 11.849633;
 -66.387207, -29.192343, -61.625874, -29.279875, -69.254723, 40.255741, 38.369751, 58.002235, 55.993176;
 376.51849, 377.13086, 387.56204, 404.06711, 412.85364, 368.9133, 375.64297, 376.58304, 383.13702;
 1, 1, 1, 1, 1, 1, 1, 1, 1]
[-71.274002, -56.700886, -7.2424898, 41.19656, 55.945042, -3.8997486, 13.494419, -5.2292986, 12.287048;
 -66.582779, -29.317644, -61.737965, -29.404181, -69.29509, 40.049625, 38.159588, 57.790882, 55.883198;
 377.06635, 377.39801, 387.72565, 404.4425, 413.20905, 369.07663, 375.70645, 376.66553, 383.26407;
 1, 1, 1, 1, 1, 1, 1, 1, 1]
[-71.355965, -56.701088, -7.2497854, 41.231796, 55.766811, -3.9000401, 13.509645, -5.2397647, 12.292522;
 -66.75309, -29.539772, -62.009342, -29.646452, -69.464813, 39.840458, 38.083927, 57.73119, 55.822029;
 377.4639, 377.39972, 388.09073, 404.79306, 413.55453, 369.07782, 376.03931, 377.01083, 383.60556;
 1, 1, 1, 1, 1, 1, 1, 1, 1]
[-71.431732, -56.75964, -7.249979, 41.231476, 55.812984, -3.487407, 14.132436, -4.5998707, 12.936272;
 -67.042175, -29.789709, -62.228439, -29.865879, -69.739098, 40.680099, 38.786541, 58.436275, 56.520576;
 377.86514, 377.78937, 388.09201, 404.79391, 413.90588, 369.23419, 375.88885, 376.9043, 383.44592;
 1, 1, 1, 1, 1, 1, 1, 1, 1]
[-71.172874, -56.50988, -7.2570958, 41.267078, 55.852837, -0.80060095, 16.482969, -2.0682242, 15.33903;
 -66.991234, -29.766636, -62.281178, -29.889097, -69.908936, 42.09383, 40.032928, 60.006657, 57.724091;
 377.61285, 377.53409, 388.45633, 405.14413, 414.25684, 369.58578, 376.54861, 377.50119, 384.44397;
 1, 1, 1, 1, 1, 1, 1, 1, 1]
[-70.731079, -56.069099, -6.8133454, 41.725437, 56.132004, 1.8994151, 19.050097, 0.6810562, 17.954617;
 -67.178345, -29.970318, -62.340363, -30.100525, -69.949707, 42.909412, 40.541725, 60.66914, 58.233612;
 377.50931, 377.41306, 388.25452, 405.19434, 414.61343, 370.24365, 377.23962, 377.80316, 385.13007;
 1, 1, 1, 1, 1, 1, 1, 1, 1]
[-70.730995, -56.069298, -6.8202333, 41.728249, 56.138378, 3.1434565, 20.334459, 2.165477, 19.262403;
 -67.402855, -30.192348, -62.612438, -30.206068, -70.054596, 43.088455, 40.533463, 60.732029, 58.219872;
 377.51129, 377.41479, 388.62006, 405.19492, 414.61426, 370.3566, 377.57336, 377.98096, 385.46072;
 1, 1, 1, 1, 1, 1, 1, 1, 1]
[-70.466438, -56.130165, -6.8271351, 41.76395, 56.184887, 3.5589976, 20.766748, 2.5942554, 19.70418;
 -67.46981, -30.326839, -62.884964, -30.449249, -70.329872, 42.881214, 40.424309, 60.627075, 58.106567;
 377.26242, 377.80261, 388.98611, 405.54614, 414.96686, 370.50458, 377.68469, 378.1301, 385.57135;
 1, 1, 1, 1, 1, 1, 1, 1, 1]
[-70.541199, -55.877758, -6.6107345, 41.76395, 56.184887, 3.7678342, 20.977308, 2.7983451, 19.905138;
 -67.534622, -30.419159, -62.722858, -30.449249, -70.329872, 42.952026, 40.529007, 60.684616, 58.058189;
 377.66064, 377.54849, 388.69925, 405.54614, 414.96686, 370.24811, 377.73715, 377.85782, 385.2854;
 1, 1, 1, 1, 1, 1, 1, 1, 1]
[-70.283051, -55.631783, -6.388659, 41.993786, 56.417919, 3.9719093, 21.191738, 3.0102351, 20.12326;
 -67.483284, -30.279894, -62.67078, -30.225368, -70.095352, 43.056755, 40.736851, 60.897751, 58.269108;
 377.40845, 377.29208, 388.41473, 405.56946, 414.9707, 370.31876, 377.79019, 377.92929, 385.33795;
 1, 1, 1, 1, 1, 1, 1, 1, 1]
[-70.289375, -55.631783, -6.388659, 41.990639, 56.417919, 3.7672193, 20.977308, 2.7983451, 19.905167;
 -67.589531, -30.279894, -62.67078, -30.339476, -70.095352, 43.090523, 40.529007, 60.684616, 58.271629;
 377.40738, 377.29208, 388.41473, 405.56973, 414.9707, 370.57651, 377.73715, 377.85782, 385.28433;
 1, 1, 1, 1, 1, 1, 1, 1, 1]
[-70.472755, -56.069485, -6.8204155, 41.727936, 56.137608, 3.5559752, 20.745102, 2.3770974, 19.485991;
 -67.576012, -30.414373, -62.831726, -30.425615, -70.276329, 42.846951, 40.499088, 60.732712, 58.109028;
 377.26138, 377.41653, 388.62134, 405.19574, 414.61493, 370.17389, 377.35513, 378.05426, 385.5173;
 1, 1, 1, 1, 1, 1, 1, 1, 1]
[-70.730911, -56.072731, -6.8204155, 41.53159, 56.137608, 3.1432288, 20.334459, 2.1598077, 19.267849;
 -67.627373, -30.52059, -62.831726, -30.347767, -70.276329, 42.879814, 40.533463, 60.625572, 58.111462;
 377.51331, 377.4169, 388.62134, 405.52115, 414.61493, 370.35779, 377.57336, 377.97937, 385.46304;
 1, 1, 1, 1, 1, 1, 1, 1, 1]
[-70.914108, -56.264072, -7.0419965, 41.45998, 56.083992, 1.8976204, 19.050014, 0.68080807, 17.954571;
 -67.613777, -30.293755, -62.720814, -30.300652, -70.118042, 42.666386, 40.332275, 60.456276, 58.019936;
 377.36685, 377.28299, 388.53925, 404.82056, 414.26257, 369.91324, 377.24072, 377.80438, 385.13123;
 1, 1, 1, 1, 1, 1, 1, 1, 1]
[-70.838921, -56.264072, -7.0350804, 41.460308, 56.091152, -1.4210188, 15.839354, -2.7059696, 14.669297;
 -67.548866, -30.293755, -62.667728, -30.081247, -70.001289, 41.25452, 39.303402, 59.0425, 56.936535;
 376.96878, 377.28299, 388.17499, 404.81973, 414.26282, 369.35657, 376.37283, 377.26996, 383.92703;
 1, 1, 1, 1, 1, 1, 1, 1, 1]
[-71.355614, -56.704895, -7.2503653, 41.230816, 55.620075, -3.0726571, 14.34876, -4.390202, 12.942256;
 -67.651497, -30.312372, -62.66663, -30.304735, -70.142998, 40.650021, 38.889751, 58.438065, 56.45993;
 377.47192, 377.4053, 388.09457, 404.79553, 414.25208, 369.06039, 375.95117, 376.98465, 383.78714;
 1, 1, 1, 1, 1, 1, 1, 1, 1]
[-71.979996, -57.278023, -7.8956499, 40.508343, 55.063175, -4.5132504, 13.057715, -5.6432109, 11.828479;
 -67.450684, -30.297743, -62.663116, -30.29332, -70.06089, 39.176594, 37.292858, 56.945522, 55.050076;
 377.42706, 377.00626, 387.85196, 404.3689, 413.53757, 368.50357, 375.2554, 375.81235, 382.45715;
 1, 1, 1, 1, 1, 1, 1, 1, 1]
[-72.085838, -57.718422, -8.1024485, 40.473705, 54.971313, -4.9268036, 12.633608, -6.0602832, 11.397317;
 -67.147568, -30.094074, -62.389874, -30.050619, -69.733253, 39.276981, 37.503262, 57.154369, 55.265392;
 376.87839, 377.12518, 387.40533, 404.01834, 412.83585, 368.33786, 375.12827, 375.64734, 382.33008;
 1, 1, 1, 1, 1, 1, 1, 1, 1]
[-72.449753, -57.845947, -8.5313931, 40.210495, 54.739944, -5.1277852, 12.411033, -6.4831944, 11.176816;
 -66.895638, -29.733135, -62.168343, -29.812212, -69.745399, 39.589752, 37.892731, 57.410549, 55.587166;
 376.58047, 376.60162, 387.24048, 403.64182, 412.82895, 368.25565, 374.73227, 375.82755, 382.26321;
 1, 1, 1, 1, 1, 1, 1, 1, 1]
[-72.890282, -58.289082, -8.7517529, 39.753292, 54.45631, -5.5407887, 11.98756, -6.6903129, 10.745927;
 -66.932457, -29.635189, -62.057098, -29.819996, -69.599709, 39.689896, 37.893543, 57.466373, 55.588905;
 376.68253, 376.71957, 387.1564, 403.58813, 412.4707, 368.08859, 374.60474, 375.39587, 382.13593;
 1, 1, 1, 1, 1, 1, 1, 1, 1]
[-73.071701, -58.47908, -8.966074, 39.5247, 54.18578, -5.7454515, 11.977121, -6.9052005, 10.736564;
 -66.918579, -29.630297, -62.055664, -29.823862, -69.663361, 39.688179, 37.863682, 57.511787, 55.544296;
 376.53387, 376.58514, 387.07404, 403.56088, 412.11414, 368.00592, 374.27475, 375.65918, 381.79404;
 1, 1, 1, 1, 1, 1, 1, 1, 1]
[-73.078033, -58.47908, -8.9573412, 39.521919, 54.179409, -5.741745, 11.977121, -6.8932204, 10.535815;
 -66.800148, -29.630297, -62.003029, -29.718313, -69.558693, 39.793678, 37.863682, 57.571564, 55.695671;
 376.53079, 376.58514, 386.71039, 403.56033, 412.11319, 368.00702, 374.27475, 375.31461, 382.07324;
 1, 1, 1, 1, 1, 1, 1, 1, 1]
[-72.812881, -58.228844, -8.9658909, 39.719276, 54.232166, -5.5404892, 11.987701, -6.6846261, 10.746053;
 -66.643745, -29.385626, -61.836788, -29.577925, -69.495468, 39.898834, 38.10284, 57.78664, 55.802273;
 376.28192, 376.33038, 387.07275, 403.23813, 412.46338, 368.08737, 374.60361, 375.39627, 382.1348;
 1, 1, 1, 1, 1, 1, 1, 1, 1]
[-72.379143, -57.848938, -8.5373344, 39.979118, 54.509293, -5.1274734, 12.411033, -6.4828601, 11.182043;
 -66.713058, -29.617203, -62.058491, -29.710625, -69.536415, 39.798706, 37.892731, 57.623604, 55.693039;
 376.17944, 376.60031, 387.23853, 403.61453, 412.82117, 368.25443, 374.73227, 375.82632, 382.26453;
 1, 1, 1, 1, 1, 1, 1, 1, 1]
[-72.4561, -57.848938, -8.5456705, 40.207729, 54.740696, -4.9216285, 12.421855, -6.2742205, 11.176816;
 -66.777313, -29.617203, -62.111168, -29.706757, -69.524338, 39.662647, 37.922611, 57.625729, 55.587166;
 376.57748, 376.60031, 387.60263, 403.64127, 412.82831, 368.00137, 375.06265, 375.90875, 382.26321;
 1, 1, 1, 1, 1, 1, 1, 1, 1]
[-72.267944, -57.655621, -8.3168812, 40.245232, 54.78606, -4.9265165, 12.633739, -6.0658097, 11.392245;
 -66.909409, -29.737972, -62.169682, -29.83539, -69.798546, 39.485943, 37.712708, 57.414734, 55.372894;
 376.72852, 376.73544, 387.32236, 403.99121, 413.17947, 368.33664, 375.12711, 375.99216, 382.32767;
 1, 1, 1, 1, 1, 1, 1, 1, 1]
[-72.162506, -57.524487, -8.1103745, 40.508671, 55.063942, -4.3033805, 13.258617, -5.6426859, 11.839053;
 -67.212257, -29.9928, -62.442787, -30.073988, -69.839523, 39.563965, 37.681561, 57.526161, 55.521252;
 377.27728, 377.25848, 387.76932, 404.36807, 413.53696, 368.24863, 374.98575, 376.15747, 382.79684;
 1, 1, 1, 1, 1, 1, 1, 1, 1]
[-71.979996, -57.333778, -7.9033861, 40.543354, 55.109581, -2.8607733, 14.536324, -4.1712852, 13.340715;
 -67.450684, -30.219868, -62.716278, -30.316891, -70.114311, 41.003029, 39.03727, 58.982342, 56.748646;
 377.42706, 377.39365, 388.21646, 404.71909, 413.88882, 368.47107, 375.35168, 376.36929, 382.88129;
 1, 1, 1, 1, 1, 1, 1, 1, 1]
[-71.721123, -57.087162, -7.6881819, 40.772507, 55.162468, 0.030637642, 17.321489, -1.0110674, 16.179987;
 -67.399513, -30.302637, -62.717464, -30.312859, -70.272766, 42.135506, 39.997559, 59.865883, 57.625153;
 377.17551, 377.1395, 388.29752, 404.74484, 414.24142, 369.23123, 376.45404, 376.85419, 383.99472;
 1, 1, 1, 1, 1, 1, 1, 1, 1]
[-71.721123, -56.837643, -7.6881819, 40.775356, 55.162468, 1.8960755, 19.033569, 0.89153963, 17.938965;
 -67.399513, -30.279228, -62.717464, -30.418465, -70.272766, 42.632202, 40.300888, 60.407887, 57.973938;
 377.17551, 376.88528, 388.29752, 404.74542, 414.24142, 369.58215, 376.91235, 377.53583, 384.79062;
 1, 1, 1, 1, 1, 1, 1, 1, 1]
[-71.721123, -56.837643, -7.6943626, 40.772179, 55.162468, 2.7254987, 19.885166, 1.7355289, 18.815369;
 -67.399513, -30.279228, -62.826797, -30.532337, -70.272766, 42.844006, 40.401623, 60.574696, 58.070232;
 377.17551, 376.88528, 388.29684, 404.74567, 414.24142, 369.87915, 377.13419, 377.48932, 385.01361;
 1, 1, 1, 1, 1, 1, 1, 1, 1]
[-71.279984, -56.643406, -7.4728818, 41.230816, 55.573265, 3.3456283, 20.317005, 2.1640551, 19.251169;
 -67.362083, -30.177988, -62.71862, -30.304735, -70.089592, 43.020336, 40.71125, 60.895164, 58.278984;
 377.07132, 377.0177, 388.37833, 404.79553, 413.90076, 369.7691, 377.24448, 377.63718, 385.12198;
 1, 1, 1, 1, 1, 1, 1, 1, 1]
[-71.021805, -56.394257, -7.2503653, 41.230816, 55.620075, 3.3486862, 20.531057, 2.3754795, 19.46912;
 -67.31102, -30.154669, -62.66663, -30.304735, -70.142998, 43.263206, 40.709793, 60.89587, 58.276569;
 376.82022, 376.76361, 388.09457, 404.79553, 414.25208, 370.09818, 377.29941, 377.71054, 385.17633;
 1, 1, 1, 1, 1, 1, 1, 1, 1]
[-71.097092, -56.455441, -7.2574873, 41.26926, 55.673359, 3.3482354, 20.530994, 2.3733957, 19.46364;
 -67.600143, -30.288931, -62.719746, -30.433907, -70.301437, 42.846256, 40.500553, 60.63401, 58.171444;
 377.22018, 377.15063, 388.45892, 405.14636, 414.6048, 370.10056, 377.30042, 377.36969, 385.17505;
 1, 1, 1, 1, 1, 1, 1, 1, 1]
[-71.355614, -56.705097, -7.473073, 41.036747, 55.441196, 3.1405756, 20.133825, 1.9482654, 19.049759;
 -67.651497, -30.5345, -62.937904, -30.552004, -70.313942, 42.845531, 40.463097, 60.624828, 58.113861;
 377.47192, 377.40704, 388.37964, 405.12152, 414.59937, 370.02698, 377.84586, 377.90579, 385.40857;
 1, 1, 1, 1, 1, 1, 1, 1, 1]
[-71.614479, -56.954887, -7.6959138, 40.842705, 55.248394, 2.931459, 20.120205, 1.7435153, 18.826246;
 -67.702911, -30.558142, -62.99015, -30.579889, -70.497032, 42.774529, 40.325485, 60.567184, 58.010944;
 377.724, 377.66208, 388.66382, 405.4472, 414.94611, 370.28296, 377.51941, 378.17798, 385.35257;
 1, 1, 1, 1, 1, 1, 1, 1, 1]
[-71.355522, -56.705303, -7.4804134, 41.036747, 55.433998, 2.3140979, 19.49469, 1.3145572, 18.39027;
 -67.876099, -30.756634, -62.991295, -30.552004, -70.430779, 42.493496, 40.151424, 60.246113, 57.801842;
 377.47394, 377.40878, 388.74457, 405.12152, 414.59909, 370.39536, 377.68259, 378.02948, 385.24347;
 1, 1, 1, 1, 1, 1, 1, 1, 1]
[-71.437744, -56.705303, -7.4806061, 41.036411, 55.487194, -0.79887044, 16.496744, -2.0696414, 15.338614;
 -68.047829, -30.756634, -63.210754, -30.771629, -70.589615, 41.187527, 39.0158, 58.940796, 56.655228;
 377.87216, 377.40878, 388.74588, 405.12238, 414.95251, 369.92603, 376.88388, 377.50723, 384.44955;
 1, 1, 1, 1, 1, 1, 1, 1, 1]
[-71.690483, -56.955292, -7.7098942, 40.845253, 55.247608, -3.9042902, 13.505838, -5.2403698, 12.292302;
 -68.218147, -31.002748, -63.372826, -30.905457, -70.719086, 39.454166, 37.56036, 57.304287, 55.394325;
 378.1279, 377.66556, 389.02997, 405.44858, 414.94675, 369.41507, 376.04071, 377.01328, 383.60788;
 1, 1, 1, 1, 1, 1, 1, 1, 1]
[-72.133049, -57.396698, -8.1410112, 40.383018, 54.968803, -4.5192542, 13.06848, -5.6447773, 11.827848;
 -68.256203, -31.021767, -63.370403, -31.027796, -70.677567, 37.953568, 36.274204, 55.880985, 53.983345;
 378.23318, 377.7876, 388.86783, 405.39771, 414.5881, 368.84534, 375.59158, 375.81848, 382.46277;
 1, 1, 1, 1, 1, 1, 1, 1, 1]
[-72.498589, -57.838131, -8.5655117, 40.119106, 54.504284, -4.928791, 12.632687, -6.2707977, 11.381618;
 -68.003281, -30.818192, -63.258377, -30.787992, -70.702347, 37.814243, 36.037106, 55.874954, 54.049416;
 377.93515, 377.90759, 388.70544, 405.01947, 414.57538, 368.34641, 375.13611, 375.57242, 381.99286;
 1, 1, 1, 1, 1, 1, 1, 1, 1]
[-72.603752, -57.969074, -8.5569582, 39.855598, 54.413097, -4.9236364, 12.420917, -6.2701468, 11.181215;
 -67.699005, -30.562006, -62.985191, -30.548462, -70.372742, 38.201099, 36.456436, 56.300732, 54.412899;
 377.38477, 377.38303, 388.33838, 404.64111, 413.86972, 368.00989, 375.07053, 375.56998, 382.27133;
 1, 1, 1, 1, 1, 1, 1, 1, 1]
[-72.532951, -57.909157, -8.5400686, 40.050415, 54.36797, -4.9230676, 12.421186, -6.2634597, 11.166597;
 -67.51535, -30.311289, -62.659248, -30.301302, -70.097565, 38.618687, 36.875343, 56.679619, 54.689854;
 376.9823, 376.99307, 387.60721, 404.31631, 413.51724, 368.00748, 375.06827, 375.22192, 381.92606;
 1, 1, 1, 1, 1, 1, 1, 1, 1]
[-72.714844, -58.099316, -8.7606688, 39.82177, 54.315754, -5.1272664, 12.410631, -6.2631292, 11.171883;
 -67.276894, -30.084238, -62.547924, -30.085857, -69.939224, 39.034634, 37.26487, 56.89233, 55.008839;
 376.83194, 376.8573, 387.52316, 404.28879, 413.16501, 367.92291, 374.73566, 375.2207, 381.92624;
 1, 1, 1, 1, 1, 1, 1, 1, 1]
[-72.896538, -58.289288, -8.7519379, 39.750187, 54.27713, -5.3316483, 12.198992, -6.4710593, 10.956729;
 -67.03849, -29.857243, -62.275974, -29.93355, -69.769577, 39.24176, 37.474567, 57.102913, 55.222908;
 376.68149, 376.72134, 387.15768, 403.58844, 412.81439, 367.83942, 374.6709, 375.13696, 381.86148;
 1, 1, 1, 1, 1, 1, 1, 1, 1]
[-72.896538, -58.289288, -8.7519379, 39.752983, 54.27713, -5.3316483, 12.198992, -6.4710593, 10.956729;
 -67.03849, -29.857243, -62.275974, -30.039066, -69.769577, 39.24176, 37.474567, 57.102913, 55.222908;
 376.68149, 376.72134, 387.15768, 403.58902, 412.81439, 367.83942, 374.6709, 375.13696, 381.86148;
 1, 1, 1, 1, 1, 1, 1, 1, 1]
[-72.819038, -58.229256, -8.9662552, 39.558578, 54.038536, -5.3316483, 12.188364, -6.6792235, 10.947186;
 -66.973915, -29.829315, -62.274532, -30.066349, -69.897934, 39.24176, 37.445042, 57.100742, 55.17865;
 376.28293, 376.33386, 387.07532, 403.91156, 412.80646, 367.83942, 374.34091, 375.05426, 381.52017;
 1, 1, 1, 1, 1, 1, 1, 1, 1]
[-72.812675, -58.289288, -8.9750032, 39.558578, 54.084129, -5.328301, 12.198852, -6.4710593, 10.95154;
 -67.092247, -29.857243, -62.327438, -30.066349, -69.951294, 39.138374, 37.265274, 57.102913, 55.117081;
 376.28598, 376.72134, 387.43958, 403.91156, 413.1575, 367.84171, 374.672, 375.13696, 381.86014;
 1, 1, 1, 1, 1, 1, 1, 1, 1]
[-72.89006, -58.289688, -8.9779558, 39.592503, 54.129013, -5.1275563, 12.410494, -6.2634597, 11.171743;
 -67.381401, -30.301346, -62.709717, -30.309212, -70.226234, 38.825851, 37.055576, 56.679619, 54.795647;
 376.68658, 376.72479, 387.80759, 404.26273, 413.50967, 367.92413, 374.73679, 375.22192, 381.92734;
 1, 1, 1, 1, 1, 1, 1, 1, 1]
[-72.896362, -58.292942, -9.2077408, 39.592182, 53.903622, -5.1242461, 12.410357, -6.2634597, 11.166597;
 -67.487434, -30.407372, -62.870895, -30.528646, -70.343353, 38.722439, 36.846287, 56.679619, 54.689854;
 376.68555, 376.72519, 388.08978, 404.26355, 413.50302, 367.92639, 374.73788, 375.22192, 381.92606;
 1, 1, 1, 1, 1, 1, 1, 1, 1]
[-72.973907, -58.350018, -8.9931021, 39.626141, 53.941963, -4.1008053, 13.474669, -5.2185068, 12.249919;
 -67.777237, -30.551991, -63.091766, -30.772057, -70.513756, 40.295483, 38.412663, 58.178917, 56.069763;
 377.08682, 377.11465, 388.17352, 404.61517, 413.85489, 368.32388, 375.04575, 375.62259, 382.23511;
 1, 1, 1, 1, 1, 1, 1, 1, 1]
[-72.53286, -57.912628, -8.7721462, 39.855274, 54.226151, -0.58947504, 16.667046, -1.642258, 15.523626;
 -67.739906, -30.639515, -63.203285, -30.768045, -70.660614, 41.506332, 39.341793, 59.436584, 57.098137;
 376.98431, 376.99518, 388.25769, 404.64197, 414.21567, 369.00317, 375.95279, 376.62509, 383.82089;
 1, 1, 1, 1, 1, 1, 1, 1, 1]
[-72.168556, -57.531593, -8.3564253, 40.153515, 54.556831, 1.6842929, 18.832117, 0.6794138, 17.923227;
 -67.992401, -30.871733, -63.369125, -31.031898, -70.861656, 41.901356, 39.601784, 59.7201, 57.287975;
 377.28232, 377.2644, 388.78638, 405.37173, 414.92947, 369.50949, 377.18671, 377.12149, 384.45383;
 1, 1, 1, 1, 1, 1, 1, 1, 1]
[-72.056305, -57.337608, -8.134964, 40.383018, 54.789265, 2.5171278, 19.688011, 1.5290066, 18.59198;
 -68.190422, -30.992773, -63.480545, -31.027796, -70.849205, 42.009342, 39.59668, 59.830185, 57.326843;
 377.83282, 377.39926, 388.86984, 405.39771, 414.93576, 369.80966, 377.41101, 377.42157, 384.96057;
 1, 1, 1, 1, 1, 1, 1, 1, 1]
[-71.797089, -57.146538, -8.1429472, 40.417984, 54.829098, 2.7268469, 19.708759, 1.5301009, 18.608149;
 -68.138626, -30.99777, -63.534519, -31.051994, -70.798149, 42.04377, 39.730869, 59.878948, 57.372269;
 377.58066, 377.5325, 389.23602, 405.74948, 415.28839, 370.21478, 377.74039, 377.76434, 385.30087;
 1, 1, 1, 1, 1, 1, 1, 1, 1]
[-71.620743, -56.955093, -7.7036614, 40.64801, 55.062477, 3.1401188, 20.137436, 1.9478232, 19.049671;
 -68.034027, -30.780445, -63.263279, -30.827837, -70.5634, 42.428577, 39.937683, 60.199413, 57.686573;
 377.72495, 377.66382, 389.03067, 405.77423, 415.29361, 370.0293, 377.84991, 377.90817, 385.41077;
 1, 1, 1, 1, 1, 1, 1, 1, 1]
[-71.797188, -57.146339, -7.9190803, 40.613194, 55.015999, 2.9352341, 20.120138, 1.9465747, 19.033178;
 -67.913895, -30.775499, -63.042473, -30.583981, -70.509491, 42.670437, 40.11607, 60.362949, 57.854424;
 377.57861, 377.53076, 388.94839, 405.42175, 414.94031, 370.28519, 377.52048, 377.56433, 385.06955;
 1, 1, 1, 1, 1, 1, 1, 1, 1]
[-71.979797, -57.337414, -8.1268101, 40.38335, 54.783573, 2.7212765, 19.691902, 1.5306016, 18.608217;
 -67.900063, -30.770538, -63.207195, -30.807922, -70.521896, 42.531044, 40.118839, 60.304359, 57.79958;
 377.43109, 377.39749, 388.50287, 405.39685, 414.93423, 369.87927, 377.4097, 377.76196, 385.29868;
 1, 1, 1, 1, 1, 1, 1, 1, 1]
[-72.427872, -57.722095, -8.3480473, 40.119431, 54.505051, 2.3124199, 19.474142, 1.312999, 18.374331;
 -67.819183, -30.644537, -63.095852, -30.568264, -70.480354, 42.668083, 40.226307, 60.36047, 57.969559;
 377.53189, 377.12903, 388.4194, 405.01862, 414.57468, 370.06268, 377.35205, 377.34216, 384.90198;
 1, 1, 1, 1, 1, 1, 1, 1, 1]
[-72.869675, -58.159824, -8.778182, 39.660473, 54.039661, 1.8973724, 19.049929, 0.89078104, 17.938917;
 -67.856705, -30.779303, -63.093166, -30.796061, -70.726967, 42.45776, 40.122818, 60.146111, 57.760426;
 377.63538, 377.25067, 388.25571, 404.96643, 414.56158, 369.91446, 377.24176, 377.19409, 384.79175;
 1, 1, 1, 1, 1, 1, 1, 1, 1]
[-72.792, -58.159824, -8.9958553, 39.660473, 54.039661, 0.2376271, 17.351522, -1.0132372, 16.222315;
 -68.015984, -30.779303, -63.25568, -30.796061, -70.726967, 42.413418, 40.06012, 60.177071, 57.76289;
 377.23737, 377.25067, 388.54138, 404.96643, 414.56158, 369.97131, 377.11255, 377.54132, 385.01855;
 1, 1, 1, 1, 1, 1, 1, 1, 1]
[-73.05159, -58.353497, -9.2171116, 39.397015, 53.948402, -4.7257137, 12.667223, -6.0765724, 11.427589;
 -68.067581, -30.880384, -63.363647, -30.776049, -70.618843, 40.285347, 38.431915, 58.150166, 56.040234;
 377.4888, 377.11676, 388.45831, 404.58813, 413.85583, 369.08536, 376.11734, 376.68216, 383.35455;
 1, 1, 1, 1, 1, 1, 1, 1, 1]
[-73.415123, -58.791084, -9.4226494, 39.167896, 53.529629, -5.5392971, 11.785192, -6.8952765, 10.529793;
 -67.814514, -30.792942, -63.08884, -30.780022, -70.697243, 38.332794, 36.457584, 56.294361, 54.309513;
 377.18896, 377.2359, 388.00842, 404.56085, 414.1933, 368.09821, 374.87909, 375.32193, 382.0788;
 1, 1, 1, 1, 1, 1, 1, 1, 1]
[-73.856583, -59.170807, -9.8674364, 38.706802, 53.245857, -6.1584654, 11.358548, -7.3234568, 10.108199;
 -67.626801, -30.560392, -63.02924, -30.682018, -70.550034, 38.568119, 36.773083, 56.442135, 54.568256;
 377.28867, 376.96411, 388.20639, 404.50488, 413.83118, 368.18304, 374.74728, 375.49893, 382.2915;
 1, 1, 1, 1, 1, 1, 1, 1, 1]
[-74.225212, -59.611389, -10.28039, 38.44751, 52.737011, -6.3604126, 11.150355, -7.7344642, 9.8792334;
 -67.479698, -30.356398, -62.863129, -30.548223, -70.519943, 38.638348, 36.877491, 56.545105, 54.632465;
 376.98615, 377.08057, 387.67401, 404.125, 413.46103, 367.7627, 374.68341, 375.33328, 381.88177;
 1, 1, 1, 1, 1, 1, 1, 1, 1]
[-74.139877, -59.552628, -10.052268, 38.411663, 52.918503, -6.3597956, 11.140934, -7.5184674, 9.8758888;
 -67.083832, -29.989431, -62.428722, -30.199209, -70.127426, 39.056168, 37.266979, 56.92622, 54.907688;
 376.58505, 376.68842, 387.0238, 403.77255, 413.11584, 367.76025, 374.35034, 375.06824, 381.53973;
 1, 1, 1, 1, 1, 1, 1, 1, 1]
[-73.880356, -59.298431, -9.8380508, 38.640732, 53.106117, -6.1493826, 11.352538, -7.3081088, 10.091145;
 -66.808716, -29.638332, -62.211319, -29.97604, -69.840645, 39.234875, 37.475986, 57.199356, 55.333401;
 376.33325, 376.43332, 387.10596, 403.80008, 412.77222, 367.50809, 374.41403, 374.80188, 381.6022;
 1, 1, 1, 1, 1, 1, 1, 1, 1]
[-73.801689, -59.298431, -9.8319349, 38.640732, 53.113239, -6.1551051, 11.349159, -7.3151183, 10.091145;
 -66.744255, -29.638332, -62.102329, -29.97604, -69.724327, 39.266842, 37.581257, 57.246765, 55.333401;
 375.93445, 376.43332, 387.10666, 403.80008, 412.77255, 367.84235, 374.41202, 375.14767, 381.6022;
 1, 1, 1, 1, 1, 1, 1, 1, 1]
[-74.060966, -59.298431, -10.061872, 38.640732, 53.106117, -6.1551051, 11.352538, -7.5230851, 9.8847876;
 -66.794647, -29.638332, -62.262665, -29.97604, -69.840645, 39.266842, 37.475986, 57.244453, 55.378609;
 376.18359, 376.43332, 387.38748, 403.80008, 412.77222, 367.84235, 374.41403, 375.06415, 381.87964;
 1, 1, 1, 1, 1, 1, 1, 1, 1]
[-74.139977, -59.298431, -10.061872, 38.640732, 52.919262, -6.3594856, 11.150814, -7.525322, 9.8796062;
 -66.859207, -29.638332, -62.262665, -29.97604, -69.905914, 39.265076, 37.505909, 57.186462, 55.272598;
 376.58304, 376.43332, 387.38748, 403.80008, 413.1152, 367.75903, 374.68002, 375.41336, 381.87833;
 1, 1, 1, 1, 1, 1, 1, 1, 1]
[-74.139977, -59.298431, -10.055751, 38.643848, 52.926388, -6.3650947, 11.147436, -7.5230851, 9.8847876;
 -66.859207, -29.638332, -62.153591, -29.862429, -69.78949, 39.506184, 37.611256, 57.244453, 55.378609;
 376.58304, 376.43332, 387.38815, 403.7998, 413.11548, 368.09259, 374.67804, 375.06415, 381.87964;
 1, 1, 1, 1, 1, 1, 1, 1, 1]
[-73.880356, -59.298431, -10.061872, 38.640732, 53.113239, -6.3594856, 11.150814, -7.5230851, 9.8847876;
 -66.808716, -29.638332, -62.262665, -29.97604, -69.724327, 39.265076, 37.505909, 57.244453, 55.378609;
 376.33325, 376.43332, 387.38748, 403.80008, 412.77255, 367.75903, 374.68002, 375.06415, 381.87964;
 1, 1, 1, 1, 1, 1, 1, 1, 1]
[-74.060966, -59.487728, -10.276008, 38.411987, 52.881664, -6.5637679, 10.939247, -7.7309537, 9.6696997;
 -66.794647, -29.633354, -62.261009, -29.979826, -69.736115, 39.263279, 37.506199, 57.242107, 55.379288;
 376.18359, 376.29788, 387.3038, 403.77173, 412.76355, 367.67548, 374.61508, 374.98035, 381.8147;
 1, 1, 1, 1, 1, 1, 1, 1, 1]
[-74.760963, -60.182049, -10.911844, 37.921284, 52.373417, -7.1687179, 10.296284, -8.5692663, 9.0120888;
 -66.881432, -29.78001, -62.366032, -30.183176, -69.927444, 39.643154, 37.895897, 57.492908, 55.656971;
 376.53259, 376.66788, 387.05334, 403.36423, 412.39371, 367.08667, 374.0856, 374.98825, 381.27237;
 1, 1, 1, 1, 1, 1, 1, 1, 1]
[-75.288109, -60.619751, -11.13188, 37.659744, 52.097164, -9.2138243, 8.5814381, -10.430709, 7.0733132;
 -67.313782, -30.13677, -62.692375, -30.382454, -70.106705, 41.531734, 39.895725, 59.333042, 57.639935;
 377.03378, 376.78754, 386.96939, 402.98532, 412.03293, 366.55298, 372.54559, 373.85388, 380.31476;
 1, 1, 1, 1, 1, 1, 1, 1, 1]
[-75.909317, -61.249126, -11.772438, 36.942654, 51.396023, -14.484831, 3.3530271, -16.024549, 1.9527328;
 -67.335785, -30.149637, -62.686665, -30.369829, -70.257545, 43.200417, 42.079605, 60.981831, 59.667774;
 376.98148, 376.76648, 386.71411, 402.54504, 412.00076, 364.89413, 370.76718, 372.45935, 377.9133;
 1, 1, 1, 1, 1, 1, 1, 1, 1]
[-76.709549, -62.069351, -12.64335, 36.454422, 50.651741, -18.093801, -0.17803401, -19.725521, -1.6384848;
 -67.11776, -30.040495, -62.621704, -30.572264, -70.353958, 44.115189, 43.24625, 62.067757, 60.875275;
 376.77332, 376.60452, 386.73447, 402.13428, 411.61407, 363.53821, 368.81439, 371.44684, 376.2731;
 1, 1, 1, 1, 1, 1, 1, 1, 1]
[-77.597801, -62.697758, -13.282353, 35.770695, 50.146687, -19.678316, -1.6179186, -21.144329, -2.8982038;
 -67.070457, -30.052999, -62.615181, -30.583101, -70.32254, 44.294636, 43.410648, 62.137589, 61.133953;
 376.96402, 376.58002, 386.4744, 402.03973, 411.2377, 362.76678, 367.93625, 370.76385, 375.45624;
 1, 1, 1, 1, 1, 1, 1, 1, 1]
[-78.217598, -63.325623, -13.926387, 35.084221, 49.45332, -20.274324, -2.2339239, -21.747808, -3.5251806;
 -66.865944, -29.842573, -62.497761, -30.487839, -70.356049, 44.385052, 43.406368, 62.335163, 61.128723;
 376.90442, 376.55219, 386.21011, 401.94226, 411.19846, 362.47198, 367.6991, 370.46814, 375.21832;
 1, 1, 1, 1, 1, 1, 1, 1, 1]
[-78.574074, -63.699696, -14.345103, 34.796036, 49.132206, -20.884777, -2.643851, -22.155058, -3.9423866;
 -66.836227, -29.60914, -62.384258, -30.224815, -70.153809, 44.619164, 43.611576, 62.428711, 61.337311;
 376.59619, 376.27118, 386.03488, 401.20767, 410.48001, 362.51462, 367.53876, 370.26752, 375.0574;
 1, 1, 1, 1, 1, 1, 1, 1, 1]
[-79.021049, -64.140038, -14.557361, 34.568573, 48.866348, -20.868776, -2.8526146, -22.350151, -4.1510081;
 -66.752167, -29.626511, -62.381821, -30.228235, -70.215942, 44.683601, 43.713326, 62.53231, 61.335423;
 376.68765, 376.38281, 385.94653, 401.17432, 410.11551, 362.1741, 367.45648, 370.1705, 374.97723;
 1, 1, 1, 1, 1, 1, 1, 1, 1]
[-78.929817, -64.073235, -14.775487, 34.341125, 48.629234, -21.081337, -2.8457935, -22.350151, -4.1523108;
 -66.581085, -29.598459, -62.26873, -30.23164, -70.121674, 44.823875, 43.782856, 62.53231, 61.390305;
 376.28516, 375.99124, 385.8559, 401.14072, 410.09985, 362.41495, 367.1264, 370.1705, 374.6312;
 1, 1, 1, 1, 1, 1, 1, 1, 1]
[-79.022285, -64.259506, -14.97298, 34.311539, 48.587975, -21.2819, -3.0542912, -22.55031, -4.3549018;
 -66.501236, -29.370472, -62.212761, -29.989353, -70.067772, 44.92165, 43.884438, 62.739826, 61.495152;
 375.72784, 375.84918, 385.40063, 400.78986, 409.74881, 362.31372, 367.04388, 370.07001, 374.5524;
 1, 1, 1, 1, 1, 1, 1, 1, 1]
[-79.461731, -64.445801, -15.18471, 34.083988, 48.357475, -21.2819, -3.0542912, -22.528648, -4.3549018;
 -66.536186, -29.365126, -62.210171, -30.211298, -70.078552, 44.92165, 43.884438, 62.686413, 61.495152;
 375.82056, 375.70871, 385.31155, 400.75674, 409.73373, 362.31372, 367.04388, 369.71985, 374.5524;
 1, 1, 1, 1, 1, 1, 1, 1, 1]
[-79.290932, -64.192612, -14.972836, 34.311539, 48.588673, -20.272915, -2.0299449, -21.524862, -3.3123221;
 -66.431824, -29.342678, -61.993706, -29.989353, -69.847221, 45.010784, 43.892178, 62.712814, 61.504536;
 375.97247, 375.45834, 385.39923, 400.78986, 409.74811, 362.46817, 367.4425, 370.21381, 374.95248;
 1, 1, 1, 1, 1, 1, 1, 1, 1]
[-79.022385, -64.192398, -14.746673, 34.311539, 48.777782, -17.463444, 0.44497925, -18.859871, -0.7960071;
 -66.276207, -29.120266, -61.943089, -29.989353, -69.782814, 44.677731, 43.319592, 62.354218, 60.993359;
 375.72574, 375.45654, 385.12219, 400.78986, 409.41248, 363.14606, 368.71503, 370.77975, 375.89514;
 1, 1, 1, 1, 1, 1, 1, 1, 1]
[-78.760368, -63.753281, -14.534927, 34.538803, 48.860596, -10.005986, 7.5254006, -11.244985, 6.4262414;
 -66.226486, -29.103285, -61.945606, -29.985985, -69.890129, 41.454498, 39.446224, 59.271511, 57.227909;
 375.4783, 375.34644, 385.21085, 400.82355, 410.11377, 365.53638, 371.87604, 373.15854, 379.42929;
 1, 1, 1, 1, 1, 1, 1, 1, 1]
[-78.143852, -63.311405, -14.111114, 35.024132, 49.329002, -10.01467, 7.5371518, -11.047329, 6.4357095;
 -66.206406, -29.202839, -61.950527, -29.784016, -69.752785, 39.717083, 37.836937, 57.730213, 55.615925;
 375.53918, 375.23734, 385.38745, 401.23892, 410.14258, 365.88309, 372.54587, 373.60422, 380.12274;
 1, 1, 1, 1, 1, 1, 1, 1, 1]
[-77.437614, -62.688591, -13.468361, 35.510307, 50.021515, -9.4152651, 7.9642959, -10.644509, 6.8641367;
 -66.016151, -28.852392, -61.630116, -29.581694, -69.499268, 40.173836, 38.285591, 57.997097, 55.980831;
 375.19901, 375.26224, 385.6499, 401.65323, 410.18268, 366.47632, 373.01166, 374.12427, 380.59866;
 1, 1, 1, 1, 1, 1, 1, 1, 1]
[-77.081497, -62.314457, -12.818267, 35.966057, 50.483356, -9.0010624, 8.388402, -10.23076, 7.2974229;
 -66.045242, -28.86264, -61.365353, -29.35603, -69.256676, 40.145298, 38.389988, 58.215717, 56.086609;
 375.50485, 375.53943, 385.54465, 401.71646, 410.20782, 366.31436, 373.1488, 374.29654, 380.7359;
 1, 1, 1, 1, 1, 1, 1, 1, 1]
[-76.463882, -61.939571, -12.387261, 36.421543, 50.799778, -8.8063488, 8.8126392, -9.8079929, 7.7190499;
 -66.024521, -28.87282, -61.479778, -29.3491, -69.351715, 40.180309, 38.285049, 57.960102, 56.040779;
 375.56192, 375.81583, 385.7196, 401.77954, 410.92084, 366.7352, 373.28616, 374.1236, 380.52841;
 1, 1, 1, 1, 1, 1, 1, 1, 1]
[-76.463882, -61.687881, -12.393145, 36.421543, 50.799778, -8.8063488, 8.8092003, -9.8079929, 7.7190499;
 -66.024521, -28.850697, -61.369606, -29.3491, -69.351715, 40.180309, 38.389996, 57.960102, 56.040779;
 375.56192, 375.56473, 385.71759, 401.77954, 410.92084, 366.7352, 373.28412, 374.1236, 380.52841;
 1, 1, 1, 1, 1, 1, 1, 1, 1]
[-76.463882, -61.748932, -12.399288, 36.453178, 50.987518, -8.6031733, 8.8168907, -9.817358, 7.72574;
 -66.024521, -28.994335, -61.532295, -29.372063, -69.287445, 40.182419, 38.420464, 58.008377, 56.08601;
 375.56192, 375.95508, 386.0845, 402.12924, 410.58249, 366.82108, 373.61517, 374.47037, 380.87082;
 1, 1, 1, 1, 1, 1, 1, 1, 1]
[-76.54567, -61.752079, -12.405341, 36.455936, 50.799778, -8.814868, 8.8090315, -10.019293, 7.5113721;
 -66.313332, -29.100138, -61.640991, -29.477816, -69.351715, 40.00425, 38.180836, 57.900417, 55.873096;
 375.96436, 375.95551, 386.08383, 402.12988, 410.92084, 367.07166, 373.28525, 374.38708, 380.80463;
 1, 1, 1, 1, 1, 1, 1, 1, 1]
[-76.812965, -61.936653, -12.618156, 36.424297, 50.799778, -9.0181341, 8.6061001, -10.024301, 7.5062976;
 -66.244301, -28.989269, -61.638897, -29.454781, -69.351715, 40.002132, 38.211151, 58.005611, 55.980152;
 376.20993, 375.81717, 385.99753, 401.78015, 410.92084, 366.9856, 373.54883, 374.38419, 380.80209;
 1, 1, 1, 1, 1, 1, 1, 1, 1]
[-76.806671, -62.001141, -12.624496, 36.224934, 50.806164, -8.8066845, 8.8090315, -10.024301, 7.5062976;
 -66.363281, -29.239027, -61.801971, -29.594465, -69.456703, 39.971504, 38.180836, 58.005611, 55.980152;
 376.21298, 376.20856, 386.36505, 402.09888, 410.92188, 366.73645, 373.28525, 374.38419, 380.80209;
 1, 1, 1, 1, 1, 1, 1, 1, 1]
[-77.074234, -62.192043, -12.83755, 36.028008, 50.611015, -10.226683, 7.5426006, -11.472247, 6.2241492;
 -66.519279, -29.339743, -62.018997, -29.840258, -69.63707, 41.728893, 40.031189, 59.58025, 57.746693;
 376.46097, 376.07077, 386.27988, 402.4187, 411.26044, 366.11703, 372.53525, 373.76303, 380.04233;
 1, 1, 1, 1, 1, 1, 1, 1, 1]
[-77.253006, -62.631989, -13.287976, 35.768795, 50.14883, -14.684855, 3.1452088, -16.243652, 1.7427839;
 -66.504684, -29.357077, -62.06609, -29.820387, -69.659416, 43.406212, 42.287724, 61.242336, 59.928543;
 376.30811, 376.18396, 386.46967, 402.03647, 411.2356, 364.80099, 370.69257, 372.7146, 378.18152;
 1, 1, 1, 1, 1, 1, 1, 1, 1]
[-77.949089, -63.072117, -13.694078, 35.282303, 49.826035, -18.709347, -0.58989763, -20.128988, -1.8457271;
 -66.484222, -29.37439, -61.899715, -29.803947, -69.679298, 44.661129, 43.660633, 62.484207, 61.248596;
 376.6539, 376.29672, 385.9295, 401.6217, 410.51968, 363.58347, 368.6572, 371.25113, 375.84991;
 1, 1, 1, 1, 1, 1, 1, 1, 1]
[-78.31189, -63.443199, -14.118737, 35.024132, 49.364441, -20.473797, -2.4420459, -21.947277, -3.7330365;
 -66.33551, -29.258064, -61.895035, -29.784016, -69.701248, 45.108654, 44.13279, 62.968643, 61.763687;
 376.34317, 376.01761, 385.75391, 401.23892, 410.49255, 362.36771, 367.61365, 370.36572, 375.13498;
 1, 1, 1, 1, 1, 1, 1, 1, 1]
[-79.107536, -64.259071, -14.746527, 34.312138, 48.778473, -21.260941, -3.2614183, -22.527531, -4.5724273;
 -66.115662, -28.925228, -61.72422, -29.552206, -69.562462, 45.301041, 44.334629, 63.111736, 62.073547;
 376.12628, 375.84558, 385.12082, 400.78802, 409.41177, 361.9733, 367.29239, 369.71732, 374.8096;
 1, 1, 1, 1, 1, 1, 1, 1, 1]
[-79.815613, -65.07074, -15.592299, 33.798717, 48.046688, -22.046095, -3.8712218, -23.338797, -5.1917052;
 -65.83091, -28.708824, -61.494976, -29.512451, -69.541023, 45.49287, 44.501713, 63.297222, 62.228252;
 375.50357, 375.67203, 384.76254, 400.02075, 409.01566, 361.57568, 366.71744, 369.31174, 374.2218;
 1, 1, 1, 1, 1, 1, 1, 1, 1]
[-80.174576, -65.188446, -15.794064, 33.34227, 47.76955, -22.241695, -4.0712833, -23.532846, -5.4050274;
 -65.68161, -28.676321, -61.329075, -29.413132, -69.39315, 45.697044, 44.671783, 63.400486, 62.331203;
 375.18918, 375.13965, 384.30515, 399.95035, 408.64862, 361.47482, 366.30402, 369.21353, 374.13727;
 1, 1, 1, 1, 1, 1, 1, 1, 1]
[-80.082191, -65.373581, -15.778761, 33.316288, 47.729038, -22.220261, -4.0671329, -23.509657, -5.3994303;
 -65.511978, -28.448637, -61.276459, -29.277624, -69.339844, 45.867001, 44.843323, 63.558849, 62.49176;
 374.78815, 374.99646, 383.94019, 399.60101, 408.29898, 361.13617, 365.97226, 368.86261, 373.79315;
 1, 1, 1, 1, 1, 1, 1, 1, 1]
[-80.082191, -65.373581, -15.772758, 33.316288, 47.736099, -22.220261, -4.0709767, -23.514944, -5.3994303;
 -65.511978, -28.448637, -61.168362, -29.277624, -69.2248, 45.867001, 44.879585, 63.662426, 62.49176;
 374.78815, 374.99646, 383.94086, 399.60101, 408.29935, 361.13617, 366.3028, 368.85925, 373.79315;
 1, 1, 1, 1, 1, 1, 1, 1, 1]
[-80.344498, -65.305443, -16.004957, 33.313236, 47.539524, -22.441374, -4.283123, -23.509657, -5.3939385;
 -65.561005, -28.42168, -61.326317, -29.390051, -69.403595, 45.794289, 44.80917, 63.558849, 62.386726;
 375.03424, 374.60605, 384.21509, 399.60126, 408.63223, 361.37228, 366.55115, 368.86261, 373.79614;
 1, 1, 1, 1, 1, 1, 1, 1, 1]
[-80.789116, -65.743698, -16.442352, 32.859989, 47.079453, -20.472878, -2.2306011, -21.730066, -3.5203888;
 -65.700623, -28.438053, -61.373425, -29.396362, -69.424377, 45.525772, 44.203487, 63.237, 61.926907;
 375.12332, 374.71313, 384.39984, 399.53021, 408.59882, 362.36514, 367.36322, 370.10959, 374.87048;
 1, 1, 1, 1, 1, 1, 1, 1, 1]
[-80.789207, -65.743698, -16.426409, 32.859989, 47.269337, -13.627154, 3.9702005, -14.735548, 3.0060489;
 -65.475601, -28.438053, -61.320679, -29.396362, -69.360626, 43.175751, 41.388889, 61.120979, 59.149357;
 375.12119, 374.71313, 384.03421, 399.53021, 408.26569, 363.91861, 370.32816, 371.62057, 377.59689;
 1, 1, 1, 1, 1, 1, 1, 1, 1]
[-79.820221, -64.867363, -15.56196, 33.572155, 47.965931, -11.03853, 6.6942811, -11.872554, 5.5737982;
 -65.46302, -28.405283, -61.171078, -29.2974, -69.214333, 42.030636, 39.894382, 59.736847, 57.593845;
 374.54239, 374.49863, 384.03076, 399.98508, 408.31555, 365.76181, 371.92633, 373.23862, 379.49045;
 1, 1, 1, 1, 1, 1, 1, 1, 1]
[-79.206223, -64.310837, -14.928905, 34.052769, 48.501331, -11.033762, 6.4894834, -12.080678, 5.5726142;
 -65.443825, -28.420937, -61.178974, -29.208141, -69.194611, 40.572922, 38.67189, 58.457752, 56.316471;
 374.60693, 374.92068, 384.29901, 400.40289, 409.04498, 365.77417, 372.19418, 373.15768, 379.49747;
 1, 1, 1, 1, 1, 1, 1, 1, 1]
[-78.676109, -63.938877, -14.52039, 34.50996, 48.968658, -10.633348, 6.9086008, -11.669582, 5.7907281;
 -65.488098, -28.43129, -61.236477, -29.088972, -69.058067, 40.471806, 38.672379, 58.251396, 56.362103;
 375.07071, 375.20114, 384.84146, 400.47061, 409.07535, 365.94919, 372.33368, 373.33551, 379.90955;
 1, 1, 1, 1, 1, 1, 1, 1, 1]
[-78.321571, -63.566387, -14.096965, 34.797256, 49.288574, -10.437766, 7.3312635, -11.474993, 6.0039587;
 -65.742172, -28.663898, -61.241371, -29.350006, -69.258347, 40.195557, 38.359055, 58.090286, 56.149033;
 375.3811, 375.48264, 385.01813, 401.2041, 409.79062, 366.37604, 372.47549, 373.77176, 379.97998;
 1, 1, 1, 1, 1, 1, 1, 1, 1]
[-77.966286, -63.192924, -13.673108, 35.252541, 49.554638, -10.035957, 7.5476608, -11.268779, 6.4310231;
 -65.771461, -28.674202, -61.246117, -29.124624, -69.195618, 40.303131, 38.389687, 58.093319, 56.148914;
 375.68872, 375.7616, 385.19391, 401.26907, 410.15402, 366.54849, 372.87543, 373.8595, 380.11786;
 1, 1, 1, 1, 1, 1, 1, 1, 1]
[-77.782196, -62.937366, -13.455009, 35.480057, 49.792309, -9.8203449, 7.7543097, -11.057067, 6.4418468;
 -65.68026, -28.546576, -61.139957, -29.121256, -69.069153, 40.378159, 38.494648, 58.204132, 56.300636;
 375.84326, 375.51044, 385.28207, 401.30164, 410.16794, 366.30142, 372.94205, 373.9487, 380.4621;
 1, 1, 1, 1, 1, 1, 1, 1, 1]
[-77.610184, -62.753479, -13.248827, 35.510921, 50.022907, -9.6266232, 7.9644575, -10.861002, 6.6561403;
 -65.800621, -28.657362, -61.25071, -29.144073, -69.058205, 40.413517, 38.494751, 58.255665, 56.239708;
 375.99567, 375.64978, 385.36874, 401.65146, 410.18124, 366.72369, 373.01047, 374.38339, 380.87244;
 1, 1, 1, 1, 1, 1, 1, 1, 1]
[-77.782196, -63.002792, -13.468063, 35.480057, 49.834518, -9.8294725, 7.7646914, -11.067619, 6.6505694;
 -65.68026, -28.573542, -61.192276, -29.121256, -69.122154, 40.411285, 38.62965, 58.252728, 56.407463;
 375.84326, 375.90036, 385.64719, 401.30164, 410.51859, 366.63675, 373.27435, 374.29617, 380.52802;
 1, 1, 1, 1, 1, 1, 1, 1, 1]
[-78.221832, -63.442581, -13.892544, 35.02504, 49.561691, -10.247785, 7.3442464, -11.496515, 6.2229857;
 -65.715065, -28.590361, -61.187691, -29.127972, -69.080048, 40.543034, 38.629433, 58.400661, 56.407681;
 375.93762, 376.01221, 385.47195, 401.23627, 410.15433, 366.79584, 373.13687, 374.46609, 380.39078;
 1, 1, 1, 1, 1, 1, 1, 1, 1]
[-78.577217, -63.815884, -14.308577, 34.767582, 49.241158, -10.642536, 6.9210038, -11.691065, 5.7960749;
 -65.460884, -28.357615, -61.020245, -28.889946, -68.880035, 40.922832, 39.152653, 58.774837, 56.834248;
 375.62738, 375.73096, 384.92856, 400.85257, 409.43884, 366.28217, 372.99417, 374.02762, 380.25024;
 1, 1, 1, 1, 1, 1, 1, 1, 1]
[-78.937866, -64.191498, -14.737617, 34.283161, 48.739204, -12.053151, 5.6506953, -13.35199, 4.304976;
 -65.312393, -28.230623, -60.904942, -28.873837, -68.848549, 42.784813, 41.07415, 60.608021, 58.752647;
 375.31546, 375.4494, 384.74936, 400.43585, 409.05975, 365.65085, 371.89761, 373.65179, 379.74875;
 1, 1, 1, 1, 1, 1, 1, 1, 1]
[-79.376778, -64.630798, -14.943094, 34.02375, 48.509048, -17.296757, 0.65314937, -18.704994, -0.79987353;
 -65.346626, -28.247065, -60.794086, -28.748735, -68.859138, 44.964397, 43.842785, 62.839233, 61.406094;
 375.40762, 375.55911, 384.6611, 400.05194, 409.04462, 363.91336, 369.78336, 371.9241, 377.26639;
 1, 1, 1, 1, 1, 1, 1, 1, 1]
[-79.992378, -64.934509, -15.576785, 33.570019, 48.00795, -21.712862, -3.4679399, -22.997501, -4.7841573;
 -65.140945, -27.987694, -60.786285, -28.755056, -68.827293, 46.451748, 45.410496, 64.219223, 62.97224;
 375.34171, 374.88492, 384.39291, 399.98267, 408.66357, 362.78418, 367.53763, 370.56198, 375.06766;
 1, 1, 1, 1, 1, 1, 1, 1, 1]
[-80.789383, -65.743248, -16.431946, 32.863598, 47.230579, -23.070532, -4.8982987, -24.604858, -6.2401299;
 -65.025566, -27.993456, -60.772995, -28.847586, -68.867615, 46.48423, 45.672367, 64.277466, 63.222164;
 375.117, 374.70953, 384.02939, 399.52811, 407.91479, 361.7442, 366.63229, 369.7543, 374.14743;
 1, 1, 1, 1, 1, 1, 1, 1, 1]
[-81.31562, -66.366051, -16.830696, 32.379444, 46.921185, -23.634825, -5.5045733, -24.979395, -6.8679991;
 -64.980461, -27.781906, -60.607025, -28.725336, -68.772057, 46.640194, 45.629448, 64.423454, 63.319901;
 374.64685, 374.67203, 383.48315, 399.10626, 407.19971, 361.1022, 366.05319, 369.19855, 373.89584;
 1, 1, 1, 1, 1, 1, 1, 1, 1]
[-81.490608, -66.734688, -17.273546, 32.125034, 46.462471, -24.047943, -5.9208231, -25.402222, -7.0752449;
 -64.965363, -27.771408, -60.761292, -28.70579, -68.792274, 46.670303, 45.765366, 64.466614, 63.31736;
 374.48978, 374.38672, 383.66492, 398.72095, 407.16391, 361.2381, 366.21643, 369.34586, 373.81256;
 1, 1, 1, 1, 1, 1, 1, 1, 1]
[-81.928329, -66.988716, -17.483665, 31.898865, 46.226738, -24.246914, -6.1242495, -25.377718, -7.282392;
 -64.998688, -27.792553, -60.758274, -28.708775, -68.697388, 46.767143, 45.763271, 64.411415, 63.314774;
 374.57767, 374.63489, 383.57321, 398.68396, 407.1445, 361.13373, 366.13312, 368.99454, 373.72903;
 1, 1, 1, 1, 1, 1, 1, 1, 1]
[-81.840057, -66.918709, -17.460775, 31.871054, 46.226738, -24.242622, -6.1199865, -25.606712, -7.282392;
 -64.710342, -27.766138, -60.598122, -28.686226, -68.697388, 46.874271, 45.868435, 64.564217, 63.314774;
 374.1731, 374.24377, 383.20868, 398.3356, 407.1445, 361.13525, 366.1344, 369.24017, 373.72903;
 1, 1, 1, 1, 1, 1, 1, 1, 1]
[-81.665482, -66.731644, -17.256662, 31.898865, 46.266029, -24.047422, -5.9165616, -25.407553, -7.0693402;
 -64.725456, -27.66605, -60.490665, -28.708775, -68.75029, 46.878895, 45.87051, 64.570313, 63.424477;
 374.33047, 374.38623, 383.29831, 398.68396, 407.49371, 361.23679, 366.21771, 369.34247, 373.81436;
 1, 1, 1, 1, 1, 1, 1, 1, 1]
[-81.228088, -66.547424, -17.046635, 32.351509, 46.692482, -23.461063, -5.3057089, -24.803375, -6.661212;
 -64.692276, -27.671265, -60.493656, -28.4849, -68.562614, 46.89259, 45.876568, 64.697594, 63.481911;
 374.24271, 374.52896, 383.38986, 398.75671, 407.18121, 361.54028, 366.46637, 369.65024, 374.32489;
 1, 1, 1, 1, 1, 1, 1, 1, 1]
[-81.046944, -66.366051, -16.847019, 32.379444, 46.771828, -19.930031, -1.8317953, -21.199642, -3.1172311;
 -64.826591, -27.781906, -60.659145, -28.725336, -68.668129, 47.013786, 45.742252, 64.644951, 63.250278;
 374.40253, 374.67203, 383.84827, 399.10626, 407.87943, 363.66653, 369.17184, 371.80328, 376.74286;
 1, 1, 1, 1, 1, 1, 1, 1, 1]
[-80.702362, -65.740189, -16.425993, 32.860882, 47.074448, -13.087014, 4.6142707, -14.185935, 3.4513965;
 -64.961998, -27.888008, -60.664871, -28.741808, -68.878822, 43.362877, 41.556286, 61.071198, 59.119415;
 374.7146, 374.70908, 384.03006, 399.52747, 408.59625, 365.86963, 372.2023, 373.63748, 379.80344;
 1, 1, 1, 1, 1, 1, 1, 1, 1]
[-80.168655, -65.187767, -15.803115, 33.372253, 47.771591, -12.079039, 5.6621752, -13.157206, 4.5145535;
 -65.126091, -28.009062, -60.835831, -28.780785, -68.732742, 40.973026, 38.941719, 58.85083, 56.773308;
 375.18594, 375.13425, 384.66858, 400.29718, 408.64648, 366.33484, 372.57495, 374.10321, 380.17258;
 1, 1, 1, 1, 1, 1, 1, 1, 1]
[-79.639122, -64.630798, -15.169275, 33.858517, 48.123337, -11.472883, 6.0867229, -12.539483, 4.9453416;
 -65.395645, -28.247065, -61.062542, -28.902952, -69.101669, 40.771339, 38.973431, 58.647308, 56.606186;
 375.65479, 375.55911, 384.93869, 400.7171, 409.71451, 366.60294, 373.04834, 374.37195, 380.65887;
 1, 1, 1, 1, 1, 1, 1, 1, 1]
[-78.583336, -63.88546, -14.336356, 34.402546, 48.904884, -10.669209, 6.9327326, -11.93216, 5.596539;
 -65.56662, -28.490314, -61.124928, -29.18371, -69.060448, 40.711311, 38.795776, 58.492386, 56.545181;
 375.62637, 376.12238, 385.65964, 401.83768, 410.46231, 367.29517, 373.66119, 374.98792, 381.21536;
 1, 1, 1, 1, 1, 1, 1, 1, 1]
[-77.865723, -63.071209, -13.71279, 35.150318, 49.639465, -10.060251, 7.5742412, -11.30647, 6.2442937;
 -65.744209, -28.483803, -61.184402, -29.106255, -69.081039, 40.508736, 38.721912, 58.39603, 56.376907;
 376.24509, 376.28958, 386.2897, 402.63922, 410.8555, 367.55875, 374.20288, 375.2543, 381.76843;
 1, 1, 1, 1, 1, 1, 1, 1, 1]
[-77.508774, -62.758549, -13.294164, 35.409409, 49.962193, -9.6628561, 7.7984991, -10.90297, 6.6842971;
 -65.773224, -28.637735, -61.132435, -29.125702, -69.060371, 40.336857, 38.573574, 58.236961, 56.314831;
 376.55188, 376.96027, 386.83167, 403.02341, 411.57278, 368.07111, 374.93945, 375.77957, 382.25293;
 1, 1, 1, 1, 1, 1, 1, 1, 1]
[-77.413055, -62.57056, -13.081035, 35.668919, 50.047138, -9.6718588, 8.009758, -10.695462, 6.690084;
 -65.851761, -28.642773, -61.134579, -29.14513, -69.166695, 40.370045, 38.573589, 58.239803, 56.360546;
 377.10788, 377.09906, 386.91858, 403.4075, 412.27844, 368.40887, 375.00751, 375.86652, 382.59866;
 1, 1, 1, 1, 1, 1, 1, 1, 1]
[-77.144859, -62.382156, -13.093752, 35.86356, 50.236824, -9.4676161, 8.2212591, -10.705318, 6.9053159;
 -65.695992, -28.424786, -61.187004, -29.012728, -68.881027, 40.582005, 38.783752, 58.502518, 56.574535;
 376.85895, 377.23584, 387.28586, 403.0863, 411.93716, 368.49417, 375.07419, 376.21524, 382.66531;
 1, 1, 1, 1, 1, 1, 1, 1, 1]
[-77.144951, -62.570335, -13.08087, 35.832645, 50.425499, -9.4584599, 8.010107, -10.694699, 6.8995161;
 -65.470711, -28.419804, -60.915089, -28.770668, -68.817047, 40.758282, 38.993927, 58.667366, 56.742771;
 376.85687, 377.09726, 386.91724, 402.73383, 411.59714, 368.15518, 375.00522, 375.86401, 382.31854;
 1, 1, 1, 1, 1, 1, 1, 1, 1]
