[-74.214485, -60.626549, -10.639934, 36.806652, 51.998653, -9.330677, 8.2219391, -10.414216, 7.0597749;
 -60.528896, -23.148628, -55.163643, -22.919714, -62.986496, 48.075493, 45.719814, 65.358482, 63.002636;
 389.24094, 391.88245, 401.54782, 421.58994, 428.27942, 388.81943, 395.11188, 397.38477, 403.90109;
 1, 1, 1, 1, 1, 1, 1, 1, 1]
[-74.220268, -60.362003, -10.639934, 36.808762, 51.992214, -9.3350849, 8.2260447, -10.408548, 7.2857981;
 -60.638474, -23.24967, -55.163643, -23.029806, -63.107136, 47.964684, 45.608723, 65.246819, 62.834538;
 389.24026, 391.60657, 401.54782, 421.5903, 428.27936, 388.81812, 395.11411, 397.38788, 403.5899;
 1, 1, 1, 1, 1, 1, 1, 1, 1]
[-73.756592, -60.166031, -10.427902, 37.047295, 52.426876, -8.8909588, 8.4485893, -9.9585075, 7.5125923;
 -60.493305, -23.133492, -55.212635, -22.797894, -62.805431, 48.037746, 45.828148, 65.418297, 63.057747;
 389.12115, 391.7417, 402.01724, 421.61395, 427.91211, 388.61859, 395.1767, 397.17142, 403.65167;
 1, 1, 1, 1, 1, 1, 1, 1, 1]
[-73.487968, -59.967487, -10.189713, 37.285534, 52.524651, -8.9036579, 8.666913, -9.7386751, 7.7393279;
 -60.445778, -23.137049, -55.052063, -22.794659, -62.783916, 48.187992, 45.938339, 65.420029, 63.056095;
 388.85162, 391.87769, 401.71161, 421.63821, 428.66248, 388.98343, 395.23795, 397.25421, 403.71439;
 1, 1, 1, 1, 1, 1, 1, 1, 1]
[-73.676849, -59.903992, -10.189506, 37.252426, 52.473244, -8.8947716, 8.6670437, -9.963872, 7.5127096;
 -60.203163, -22.88501, -54.825562, -22.547745, -62.625725, 48.366879, 46.158657, 65.754364, 63.282566;
 388.69998, 391.4632, 401.71027, 421.25928, 428.28635, 388.61475, 395.23679, 397.16702, 403.65048;
 1, 1, 1, 1, 1, 1, 1, 1, 1]
[-73.682587, -59.901352, -10.179459, 37.252426, 52.47963, -8.8903265, 8.6670437, -9.963872, 7.5128264;
 -60.081913, -22.774857, -54.77774, -22.547745, -62.505081, 48.47757, 46.158657, 65.754364, 63.507389;
 388.6973, 391.46243, 401.32339, 421.25928, 428.28638, 388.61609, 395.23679, 397.16702, 403.64932;
 1, 1, 1, 1, 1, 1, 1, 1, 1]
[-74.408936, -60.559631, -10.629005, 36.776344, 52.14259, -9.3210278, 8.2148294, -10.403223, 7.0595708;
 -60.164394, -22.786282, -54.662899, -22.554121, -62.53828, 48.474342, 46.122326, 65.750702, 63.510597;
 389.08585, 391.46664, 401.1582, 421.21014, 427.53271, 388.44937, 394.74673, 397.00073, 403.52316;
 1, 1, 1, 1, 1, 1, 1, 1, 1]
[-74.139908, -60.364105, -10.639713, 36.978851, 52.187992, -9.101388, 8.4370089, -10.183598, 7.2738075;
 -60.117157, -22.899986, -54.937157, -22.651075, -62.587646, 48.324097, 46.121452, 65.752556, 63.344326;
 388.81647, 391.60382, 401.54654, 420.85764, 427.90723, 388.16458, 394.81055, 397.08401, 403.20844;
 1, 1, 1, 1, 1, 1, 1, 1, 1]
[-73.676849, -60.163372, -10.184916, 37.0452, 52.427589, -8.8820667, 8.6591244, -9.9581614, 7.5060091;
 -60.203163, -23.02326, -54.89072, -22.68783, -62.576328, 48.216606, 45.900414, 65.642761, 63.229351;
 388.69998, 391.74097, 401.32306, 421.61359, 427.91144, 388.25046, 394.87527, 397.17014, 403.27417;
 1, 1, 1, 1, 1, 1, 1, 1, 1]
[-73.115402, -59.504692, -9.7500668, 37.759613, 53.00449, -7.9980526, 9.5244865, -9.2762022, 8.3985634;
 -60.57909, -23.241499, -55.166508, -22.906771, -62.760937, 50.620071, 48.418102, 67.999352, 65.583069;
 389.1496, 391.73715, 401.87366, 421.68634, 428.66925, 387.46802, 394.02942, 396.64322, 402.76065;
 1, 1, 1, 1, 1, 1, 1, 1, 1]
[-72.920135, -59.044819, -9.5370102, 37.999958, 53.243652, -7.3397055, 10.19545, -8.3850479, 9.076086;
 -60.712212, -23.455912, -55.442001, -23.013422, -62.978748, 51.568069, 49.401752, 68.89489, 66.529495;
 389.30133, 391.59695, 402.34311, 421.71017, 428.67291, 387.34607, 394.21295, 396.20425, 402.5686;
 1, 1, 1, 1, 1, 1, 1, 1, 1]
[-73.004837, -59.107288, -9.5319376, 38.033688, 53.095425, -7.1096029, 10.390122, -8.139822, 9.2779398;
 -61.112705, -23.70837, -55.782135, -23.260794, -63.319614, 52.357037, 50.155106, 69.61132, 67.254715;
 389.7222, 392.01099, 402.3461, 422.08914, 429.42218, 386.6958, 393.19226, 395.14828, 401.50681;
 1, 1, 1, 1, 1, 1, 1, 1, 1]
[-73.194542, -59.309341, -9.7647228, 37.794632, 53.048485, -6.6575174, 10.795174, -7.6694236, 9.703948;
 -61.331787, -24.044971, -56.057171, -23.721674, -63.499203, 53.163712, 50.861916, 70.487846, 68.197182;
 389.57507, 391.87836, 402.65463, 422.06763, 429.04678, 385.40396, 391.88187, 393.80304, 400.5105;
 1, 1, 1, 1, 1, 1, 1, 1, 1]
[-73.194542, -59.309341, -9.7550707, 37.794632, 52.853703, -6.193234, 11.397478, -7.4138327, 10.109812;
 -61.331787, -24.044971, -56.008244, -23.721674, -63.790855, 53.704048, 51.478962, 71.024849, 68.79821;
 389.57507, 391.87836, 402.26663, 422.06763, 429.42062, 383.76804, 389.93484, 392.39053, 398.78494;
 1, 1, 1, 1, 1, 1, 1, 1, 1]
[-73.273788, -59.309341, -9.7647228, 37.794632, 52.860214, -5.9559894, 11.576147, -6.943327, 10.50255;
 -61.392151, -24.044971, -56.057171, -23.721674, -63.669888, 53.372494, 51.094376, 70.555038, 68.453606;
 389.99527, 391.87836, 402.65463, 422.06763, 429.42072, 382.06531, 388.59018, 390.33023, 396.71432;
 1, 1, 1, 1, 1, 1, 1, 1, 1]
[-73.273781, -59.369141, -9.7645054, 37.794941, 52.854431, -6.1461229, 11.326853, -7.1519804, 10.252196;
 -61.160885, -23.957705, -55.830269, -23.492908, -63.561058, 52.914616, 50.755501, 70.322678, 68.065987;
 389.99329, 392.29056, 402.65329, 422.06674, 429.41998, 380.92496, 387.47903, 389.51175, 395.56494;
 1, 1, 1, 1, 1, 1, 1, 1, 1]
[-73.463486, -59.570702, -9.987546, 37.556507, 52.808407, -6.3506927, 11.083958, -7.5628419, 10.005679;
 -61.148891, -23.834358, -55.829655, -23.496269, -63.510868, 52.501129, 50.351978, 69.870468, 67.626839;
 389.84387, 392.15421, 402.57236, 422.04324, 429.04373, 380.13696, 386.71872, 388.61978, 394.77902;
 1, 1, 1, 1, 1, 1, 1, 1, 1]
[-73.457649, -59.570976, -9.9877596, 37.556194, 52.808407, -6.5501471, 11.058968, -7.5546227, 9.9878998;
 -61.270367, -24.064442, -56.056545, -23.725063, -63.510868, 51.767387, 49.691406, 69.422203, 67.076477;
 389.84656, 392.15591, 402.57367, 422.04407, 429.04373, 379.35461, 385.68011, 387.88773, 394.05981;
 1, 1, 1, 1, 1, 1, 1, 1, 1]
[-73.463486, -59.570702, -9.987546, 37.556507, 52.808407, -6.7604632, 11.044696, -7.7695408, 9.9792328;
 -61.148891, -23.834358, -55.829655, -23.496269, -63.510868, 51.980423, 49.759663, 69.420181, 67.240723;
 389.84387, 392.15421, 402.57236, 422.04324, 429.04373, 379.27115, 385.33115, 387.80576, 393.69867;
 1, 1, 1, 1, 1, 1, 1, 1, 1]
[-73.463486, -59.567982, -9.7601719, 37.758972, 53.003063, -6.5435495, 11.044696, -7.5396671, 9.9704752;
 -61.148891, -23.724009, -55.668091, -23.363937, -63.219727, 51.93895, 49.759663, 69.304588, 67.185493;
 389.84387, 392.15347, 402.26367, 421.68805, 428.67062, 379.00201, 385.33115, 387.1586, 393.33923;
 1, 1, 1, 1, 1, 1, 1, 1, 1]
[-73.457664, -59.567982, -9.7601719, 37.763577, 53.003063, -6.5435495, 11.049363, -7.5407071, 9.9792328;
 -61.039143, -23.724009, -55.668091, -23.355263, -63.219727, 51.93895, 49.866238, 69.473648, 67.240723;
 389.84454, 392.15347, 402.26367, 421.68799, 428.67062, 379.00201, 385.33228, 387.52481, 393.69867;
 1, 1, 1, 1, 1, 1, 1, 1, 1]
[-73.38401, -59.507652, -9.750535, 37.727623, 53.003063, -6.5372744, 11.039637, -7.5393376, 9.9704752;
 -60.857758, -23.581593, -55.619522, -23.226503, -63.219727, 51.895737, 49.826035, 69.523582, 67.185493;
 389.42175, 391.73959, 401.87628, 421.30981, 428.67062, 378.65125, 384.98602, 387.15735, 393.33923;
 1, 1, 1, 1, 1, 1, 1, 1, 1]
[-73.38401, -59.507652, -9.7450094, 37.727623, 52.956982, -6.7584834, 10.827568, -7.761519, 9.970582;
 -60.857758, -23.581593, -55.506382, -23.226503, -63.169891, 52.043621, 49.975475, 69.580482, 67.404686;
 389.42175, 391.73959, 401.87665, 421.30981, 428.29556, 378.91711, 385.26694, 387.43961, 393.33807;
 1, 1, 1, 1, 1, 1, 1, 1, 1]
[-73.463478, -59.507652, -9.7450094, 37.727623, 52.956982, -6.7536621, 11.035089, -7.761519, 9.970582;
 -60.917667, -23.581593, -55.506382, -23.226503, -63.169891, 52.151787, 49.93428, 69.580482, 67.404686;
 389.84183, 391.73959, 401.87665, 421.30981, 428.29556, 378.91858, 384.98373, 387.43961, 393.33807;
 1, 1, 1, 1, 1, 1, 1, 1, 1]
[-73.463478, -59.570412, -9.7546415, 37.761414, 53.003063, -6.5372744, 11.034969, -7.5332375, 10.1828;
 -60.917667, -23.604275, -55.55484, -23.24531, -63.219727, 51.895737, 49.719536, 69.414803, 67.128761;
 389.84183, 392.15244, 402.26401, 421.68762, 428.67062, 378.65125, 384.98486, 387.16055, 393.04272;
 1, 1, 1, 1, 1, 1, 1, 1, 1]
[-73.732811, -59.769329, -9.9774666, 37.52317, 52.763168, -6.7433543, 11.03485, -7.5322061, 10.173765;
 -60.96571, -23.600679, -55.554207, -23.248629, -63.231316, 51.57304, 49.504795, 69.245911, 66.854866;
 390.11304, 392.01691, 402.18298, 421.66391, 428.66736, 378.57285, 384.98605, 386.79489, 392.68552;
 1, 1, 1, 1, 1, 1, 1, 1, 1]
[-73.652985, -59.769329, -10.215814, 37.52317, 52.569016, -6.7481508, 10.817666, -7.5250883, 9.9528885;
 -60.905689, -23.600679, -55.71542, -23.248629, -63.292839, 51.464951, 49.290924, 68.968697, 66.856422;
 389.69226, 392.01691, 402.4895, 421.66391, 429.03973, 378.57141, 384.92407, 386.43292, 392.62305;
 1, 1, 1, 1, 1, 1, 1, 1, 1]
[-73.922333, -60.031372, -10.200194, 37.489578, 52.523239, -6.9755001, 10.619742, -7.9761295, 9.749382;
 -60.953682, -23.619793, -55.553547, -23.229811, -63.242863, 52.085152, 50.016735, 69.578392, 67.40625;
 389.96313, 392.29462, 402.10175, 421.28598, 428.66382, 379.18607, 385.55054, 387.35733, 393.27548;
 1, 1, 1, 1, 1, 1, 1, 1, 1]
[-73.92234, -60.031658, -10.200402, 37.284626, 52.516781, -7.227623, 10.467632, -8.2479115, 9.1667109;
 -61.185043, -23.850025, -55.780235, -23.480572, -63.363609, 53.794304, 51.600056, 71.045219, 68.853645;
 389.96518, 392.29639, 402.10303, 421.64078, 428.6637, 381.57224, 387.92297, 390.20721, 396.70343;
 1, 1, 1, 1, 1, 1, 1, 1, 1]
[-74.002518, -60.029194, -10.216045, 37.284626, 52.516781, -7.4536724, 10.272038, -8.4807901, 8.9595308;
 -61.245388, -23.969866, -55.94231, -23.480572, -63.363609, 53.882755, 51.792423, 71.164627, 68.969566;
 390.3866, 392.29742, 402.49078, 421.64078, 428.6637, 382.20157, 388.56369, 390.86444, 397.37164;
 1, 1, 1, 1, 1, 1, 1, 1, 1]
[-73.92234, -60.029194, -10.438891, 37.284626, 52.516781, -7.4661331, 10.075712, -8.5107622, 8.9758158;
 -61.185043, -23.969866, -55.941601, -23.480572, -63.363609, 55.274136, 53.115749, 72.565651, 70.193092;
 389.96518, 392.29742, 402.40936, 421.64078, 428.6637, 382.90817, 389.55035, 391.96844, 398.09891;
 1, 1, 1, 1, 1, 1, 1, 1, 1]
[-74.197945, -60.231247, -10.439347, 37.250622, 52.327442, -10.140169, 7.5246873, -11.246662, 6.3548079;
 -61.80624, -24.536957, -56.395382, -23.918463, -63.763767, 52.35553, 50.361206, 69.712303, 67.502441;
 390.23975, 392.16562, 402.41196, 421.26447, 429.03745, 386.62247, 393.08344, 395.49759, 401.43121;
 1, 1, 1, 1, 1, 1, 1, 1, 1]
[-74.272598, -60.231518, -10.439574, 37.045467, 52.326729, -9.5036554, 8.1856861, -10.580045, 7.0285363;
 -62.220821, -24.767155, -56.622272, -24.169888, -63.993462, 48.416698, 46.409153, 65.968674, 63.691906;
 390.6666, 392.16736, 402.4133, 421.61911, 429.03815, 386.89835, 393.2984, 395.39447, 401.64383;
 1, 1, 1, 1, 1, 1, 1, 1, 1]
[-74.088783, -60.096447, -10.22144, 37.285946, 52.572685, -8.657115, 8.8643055, -9.7180014, 7.7108879;
 -62.343132, -25.025272, -56.786205, -24.276505, -64.090584, 46.051659, 43.845928, 63.570625, 61.276157;
 390.8161, 392.7193, 402.88516, 421.6438, 429.04248, 387.61157, 394.22549, 396.12088, 402.22101;
 1, 1, 1, 1, 1, 1, 1, 1, 1]
[-73.892899, -60.163109, -10.237452, 37.316502, 52.617802, -8.6618347, 8.8760681, -9.7186403, 7.7175341;
 -62.709068, -25.390707, -57.176739, -24.643728, -64.371086, 45.762222, 43.551205, 63.12286, 60.879112;
 390.97092, 393.1366, 403.27542, 422.02371, 429.41959, 387.98108, 394.59033, 396.12341, 402.59793;
 1, 1, 1, 1, 1, 1, 1, 1, 1]
[-73.979141, -60.160511, -10.465625, 37.144375, 52.468258, -8.8858242, 8.872016, -9.7285738, 7.7243195;
 -62.881195, -25.510752, -57.340023, -24.916479, -64.715111, 45.579903, 43.442204, 62.9534, 60.705826;
 391.39322, 393.1377, 403.58578, 422.75974, 430.17175, 388.26563, 394.58932, 396.50427, 402.97421;
 1, 1, 1, 1, 1, 1, 1, 1, 1]
[-73.782799, -59.761536, -10.018559, 37.419384, 52.708935, -8.45504, 9.1024303, -9.512639, 7.952363;
 -62.783298, -25.518513, -57.341293, -24.814152, -64.703217, 45.582882, 43.477158, 63.122314, 60.868687;
 391.54385, 393.4093, 403.74802, 423.1633, 430.17477, 388.43143, 395.01443, 396.96872, 403.40985;
 1, 1, 1, 1, 1, 1, 1, 1, 1]
[-73.321854, -59.561512, -9.7946587, 37.861168, 52.996521, -8.2352991, 9.3289652, -9.2927742, 8.1846972;
 -62.745853, -25.29159, -57.114391, -24.676716, -64.512154, 45.694878, 43.58527, 63.12394, 60.978214;
 391.41983, 393.543, 403.82748, 422.82925, 430.55463, 388.51523, 395.07828, 397.05109, 403.47351;
 1, 1, 1, 1, 1, 1, 1, 1, 1]
[-72.940132, -59.09901, -9.3470049, 38.134171, 53.237324, -7.8039327, 9.7741251, -8.8527489, 8.6382933;
 -62.770184, -25.274847, -57.115437, -24.693193, -64.500183, 45.697647, 43.58329, 63.12706, 60.974796;
 391.71811, 393.39813, 403.98819, 423.23193, 430.55688, 388.6796, 395.20309, 397.21497, 403.59729;
 1, 1, 1, 1, 1, 1, 1, 1, 1]
[-72.855148, -59.09901, -9.3470049, 38.134171, 53.237324, -7.8078427, 9.7741251, -8.8524323, 8.6382933;
 -62.598198, -25.274847, -57.115437, -24.693193, -64.500183, 45.806889, 43.58329, 63.351353, 60.974796;
 391.29617, 393.39813, 403.98819, 423.23193, 430.55688, 388.67712, 395.20309, 397.21371, 403.59729;
 1, 1, 1, 1, 1, 1, 1, 1, 1]
[-73.131088, -59.29892, -9.5708799, 38.099995, 53.190922, -8.0313072, 9.5561943, -9.0724888, 8.4114637;
 -62.525997, -25.271055, -57.114929, -24.673176, -64.449188, 45.844437, 43.731441, 63.349808, 60.976524;
 391.56705, 393.26315, 403.90796, 422.85217, 430.1792, 388.96173, 395.50098, 397.1319, 403.53552;
 1, 1, 1, 1, 1, 1, 1, 1, 1]
[-73.321854, -59.564087, -9.7946587, 37.861168, 52.950306, -8.023572, 9.5475883, -9.0635014, 8.4095898;
 -62.513859, -25.171556, -57.114391, -24.676716, -64.461121, 45.805496, 43.695396, 63.295067, 61.036419;
 391.41785, 393.54193, 403.82748, 422.82925, 430.17679, 388.59503, 395.13867, 396.75189, 403.16153;
 1, 1, 1, 1, 1, 1, 1, 1, 1]
[-73.512413, -59.498375, -9.7849531, 37.829819, 52.897583, -8.2349796, 9.3250408, -9.0635014, 8.4040279;
 -62.501682, -25.036686, -57.064434, -24.537868, -64.531235, 45.914619, 43.696354, 63.295067, 61.149784;
 391.26837, 393.12619, 403.43765, 422.44943, 429.79941, 388.51395, 395.07608, 396.75189, 403.15897;
 1, 1, 1, 1, 1, 1, 1, 1, 1]
[-73.432724, -59.435612, -9.7752628, 37.79594, 52.90416, -8.2309742, 9.3207169, -9.2887506, 8.3964987;
 -62.440075, -25.012604, -57.014565, -24.518002, -64.410156, 45.984734, 43.769302, 63.404938, 61.098515;
 390.84592, 392.71182, 403.04846, 422.07059, 429.79947, 388.14526, 394.71524, 396.66675, 402.78415;
 1, 1, 1, 1, 1, 1, 1, 1, 1]
[-73.622864, -59.897274, -9.9985056, 37.554932, 52.611225, -8.4462996, 9.0984373, -9.2795582, 8.1701536;
 -62.427872, -25.029095, -57.013947, -24.640244, -64.49205, 45.983265, 43.770241, 63.350151, 61.10017;
 390.69641, 392.85513, 402.96759, 422.04752, 429.41949, 388.06265, 394.65231, 396.28726, 402.72189;
 1, 1, 1, 1, 1, 1, 1, 1, 1]
[-73.543106, -59.833801, -9.9883995, 37.555248, 52.806225, -8.4462996, 9.0944977, -9.5080805, 8.1629581;
 -62.13493, -24.77474, -56.737236, -24.411448, -64.199699, 45.983265, 43.881207, 63.62735, 61.273003;
 390.27277, 392.43915, 402.57761, 422.04663, 429.04572, 388.06265, 394.65018, 396.58307, 402.34637;
 1, 1, 1, 1, 1, 1, 1, 1, 1]
[-73.353188, -59.372696, -9.7653723, 37.793999, 53.052834, -8.0075407, 9.5306625, -9.0449114, 8.3892012;
 -62.147095, -24.758446, -56.737865, -24.179209, -64.067055, 46.166538, 44.062965, 63.633259, 61.495399;
 390.42221, 392.29648, 402.65857, 422.06934, 429.0488, 387.86078, 394.4133, 395.99115, 402.40747;
 1, 1, 1, 1, 1, 1, 1, 1, 1]
[-73.163071, -59.17342, -9.5517015, 38.034672, 53.339264, -7.7922311, 9.7568274, -8.8342562, 8.6230125;
 -62.159229, -24.762188, -56.78804, -24.285744, -64.105804, 46.167973, 43.951084, 63.6898, 61.321049;
 390.5715, 392.43158, 403.12775, 422.09296, 429.42746, 387.94299, 394.47794, 396.4519, 402.84491;
 1, 1, 1, 1, 1, 1, 1, 1, 1]
[-72.972748, -58.971409, -9.3282614, 38.273106, 53.385723, -7.7997398, 9.7656078, -8.8401031, 8.6230125;
 -62.171329, -24.885635, -56.788578, -24.282234, -64.156441, 46.207153, 43.987267, 63.577312, 61.321049;
 390.72058, 392.56757, 403.20813, 422.11594, 429.80383, 388.30847, 394.83911, 396.45016, 402.84491;
 1, 1, 1, 1, 1, 1, 1, 1, 1]
[-72.782219, -59.03616, -9.3282614, 38.307377, 53.385723, -7.5768237, 9.9880772, -8.6145401, 8.8494797;
 -62.183388, -24.789732, -56.788578, -24.301888, -64.156441, 46.169373, 43.986244, 63.69136, 61.319305;
 390.86948, 392.98019, 403.20813, 422.49445, 429.80383, 388.0249, 394.90128, 396.53363, 402.90652;
 1, 1, 1, 1, 1, 1, 1, 1, 1]
[-72.507057, -58.77404, -9.104497, 38.509624, 53.626823, -7.3610339, 9.9842243, -8.6142225, 9.0818243;
 -62.024288, -24.539404, -56.56197, -23.940102, -63.91465, 46.390141, 44.3172, 63.915268, 61.652634;
 390.5976, 392.6994, 403.2869, 422.13736, 429.80527, 388.10535, 394.89795, 396.53235, 402.96823;
 1, 1, 1, 1, 1, 1, 1, 1, 1]
[-72.512962, -58.77404, -8.8718367, 38.512135, 53.821064, -7.3598781, 10.198019, -8.3848248, 9.068346;
 -61.902817, -24.539404, -56.286194, -23.821346, -63.622707, 47.267704, 45.158657, 64.756569, 62.386314;
 390.59488, 392.6994, 402.97717, 422.1369, 429.43042, 388.10031, 394.59427, 396.2301, 402.5881;
 1, 1, 1, 1, 1, 1, 1, 1, 1]
[-72.428696, -58.71217, -8.8630571, 38.509941, 53.821064, -7.1353798, 10.415987, -8.1551523, 9.2870035;
 -61.732147, -24.515848, -56.237137, -23.711422, -63.622707, 48.763531, 46.546444, 66.043518, 63.899113;
 390.17505, 392.28635, 402.58939, 422.13651, 429.43042, 387.80817, 394.28976, 395.92581, 402.26782;
 1, 1, 1, 1, 1, 1, 1, 1, 1]
[-72.434578, -58.7094, -9.0952568, 38.509941, 53.580902, -7.1201286, 10.397956, -8.372961, 9.2850685;
 -61.841988, -24.40546, -56.285717, -23.711422, -63.634563, 49.775269, 47.566029, 67.159599, 64.850899;
 390.17435, 392.28568, 402.89722, 422.13651, 429.42844, 387.07394, 393.56482, 395.8382, 401.89188;
 1, 1, 1, 1, 1, 1, 1, 1, 1]
[-72.966843, -58.973957, -9.3280363, 38.273403, 53.386448, -6.8899846, 10.601498, -8.135376, 9.494688;
 -62.061333, -24.765911, -56.561478, -24.053524, -63.926544, 51.003525, 48.799911, 68.384544, 66.080376;
 390.72134, 392.56644, 403.20682, 422.11508, 429.80319, 386.42215, 392.90283, 395.15775, 401.20236;
 1, 1, 1, 1, 1, 1, 1, 1, 1]
[-72.703476, -58.973957, -9.0954828, 38.307682, 53.580177, -6.2128124, 11.43206, -7.2184911, 10.127277;
 -62.122231, -24.765911, -56.512627, -24.072996, -63.864235, 52.751678, 50.623974, 70.148499, 67.800957;
 390.44824, 392.56644, 402.89853, 422.49359, 429.42905, 384.85013, 391.00284, 393.21902, 399.52618;
 1, 1, 1, 1, 1, 1, 1, 1, 1]
[-72.782219, -58.71244, -9.0954828, 38.307682, 53.626823, -5.5220566, 12.216586, -6.5042949, 10.932807;
 -62.183388, -24.74585, -56.512627, -24.072996, -63.91465, 52.575958, 50.466763, 70.057861, 67.84288;
 390.86948, 392.28806, 402.89853, 422.49359, 429.80527, 381.87863, 388.07861, 390.12601, 396.47354;
 1, 1, 1, 1, 1, 1, 1, 1, 1]
[-72.512978, -58.774578, -9.1047258, 38.307377, 53.672806, -5.5014291, 11.950191, -6.6952019, 10.890609;
 -62.365688, -24.999847, -56.789082, -24.301888, -64.195175, 51.388908, 49.336769, 68.940399, 66.794083;
 390.59888, 392.70288, 403.28824, 422.49445, 430.18262, 380.11627, 386.62616, 388.58414, 394.67096;
 1, 1, 1, 1, 1, 1, 1, 1, 1]
[-72.861115, -59.036694, -9.337738, 38.304821, 53.432243, -5.9090915, 11.700717, -6.8911328, 10.634007;
 -62.476505, -25.250549, -57.065521, -24.420744, -64.207138, 50.549553, 48.573895, 68.106575, 66.084648;
 391.29343, 392.98367, 403.59851, 422.49487, 430.18073, 379.25745, 385.52676, 387.41278, 393.53122;
 1, 1, 1, 1, 1, 1, 1, 1, 1]
[-73.051842, -59.301769, -9.5616179, 38.065868, 53.190922, -6.1097269, 11.457911, -6.8710938, 10.605594;
 -62.696205, -25.381721, -57.292294, -24.653187, -64.449188, 49.39233, 47.317505, 67.112076, 65.047752;
 391.14645, 393.26379, 403.51953, 422.47293, 430.1792, 378.48111, 384.77737, 385.96356, 392.4614;
 1, 1, 1, 1, 1, 1, 1, 1, 1]
[-73.321854, -59.501499, -9.7948818, 37.863445, 52.989937, -6.1042056, 11.457792, -7.086237, 10.596171;
 -62.745853, -25.377874, -57.341885, -24.786903, -64.633446, 49.137188, 47.102943, 67.058289, 64.776062;
 391.41983, 393.1286, 403.8288, 422.82968, 430.55453, 378.13263, 384.7785, 386.24707, 392.10541;
 1, 1, 1, 1, 1, 1, 1, 1, 1]
[-73.321854, -59.498634, -9.7849531, 37.829819, 52.944466, -6.3351803, 11.265727, -7.3269906, 10.403334;
 -62.513859, -25.267244, -57.064434, -24.537868, -64.352142, 50.438061, 48.360912, 67.992577, 65.813087;
 391.41785, 393.12793, 403.43765, 422.44943, 430.17603, 379.09271, 385.40305, 387.24792, 393.11179;
 1, 1, 1, 1, 1, 1, 1, 1, 1]
[-73.242386, -59.498634, -9.7849531, 37.82724, 52.950306, -6.3419981, 11.281437, -7.3345332, 10.209275;
 -62.452259, -25.267244, -57.064434, -24.656715, -64.461121, 51.060497, 48.9781, 68.657036, 66.416168;
 390.99527, 393.12793, 403.43765, 422.44989, 430.17679, 379.79474, 386.09229, 387.97641, 394.12543;
 1, 1, 1, 1, 1, 1, 1, 1, 1]
[-73.708717, -59.698181, -10.008633, 37.588612, 52.703075, -6.9987555, 10.65694, -8.0106459, 9.5697289;
 -62.599579, -25.263422, -57.291126, -24.660229, -64.5942, 51.505798, 49.531494, 69.104988, 66.805435;
 391.11801, 392.99255, 403.35815, 422.42651, 430.17401, 380.6033, 386.94653, 389.19446, 395.02069;
 1, 1, 1, 1, 1, 1, 1, 1, 1]
[-73.702759, -59.961117, -10.242141, 37.557213, 52.65712, -7.2169204, 10.448083, -8.2325954, 9.3558674;
 -62.721371, -25.514641, -57.340679, -24.750305, -64.543091, 51.547104, 49.572571, 68.992218, 66.862175;
 391.12076, 393.27362, 403.66702, 422.04797, 429.79651, 380.87488, 387.23285, 389.11029, 395.3204;
 1, 1, 1, 1, 1, 1, 1, 1, 1]
[-73.782791, -59.701313, -10.014324, 37.588291, 52.708935, -7.4422212, 10.23904, -8.4644623, 9.1498423;
 -63.01543, -25.60454, -57.404694, -24.889212, -64.703217, 51.847775, 49.829868, 69.328346, 67.195038;
 391.5459, 392.99493, 403.35776, 422.4274, 430.17477, 381.50079, 387.51849, 389.76273, 395.98297;
 1, 1, 1, 1, 1, 1, 1, 1, 1]
[-73.518394, -59.6987, -10.018779, 37.793034, 52.903435, -7.6685839, 10.047345, -8.6999855, 8.9430141;
 -63.075733, -25.724474, -57.568794, -24.865507, -64.640129, 51.933014, 49.952423, 69.394333, 67.307961;
 391.27167, 392.99603, 403.74933, 422.0719, 429.80014, 382.13004, 388.50848, 390.7919, 396.64886;
 1, 1, 1, 1, 1, 1, 1, 1, 1]
[-73.248375, -59.43956, -9.785614, 37.828896, 52.948849, -8.1649714, 9.473897, -9.2076483, 8.3395081;
 -63.257629, -26.044479, -57.746323, -25.22472, -64.921432, 50.798096, 48.835548, 68.310173, 66.036598;
 391.00055, 392.71948, 403.44156, 422.452, 430.1781, 385.20419, 391.87268, 393.61716, 399.77737;
 1, 1, 1, 1, 1, 1, 1, 1, 1]
[-73.598228, -59.699448, -10.019435, 37.589962, 52.746845, -8.1981421, 9.5010204, -9.2413368, 8.3671837;
 -63.834541, -26.416054, -58.251266, -25.457308, -65.336533, 46.704247, 44.68391, 64.24749, 62.235062;
 391.70087, 393.00131, 403.75327, 422.42953, 430.55405, 386.681, 392.97113, 394.76901, 401.28329;
 1, 1, 1, 1, 1, 1, 1, 1, 1]
[-73.788788, -59.96508, -10.248783, 37.351028, 52.706738, -8.4318876, 9.0773468, -9.4818048, 7.9291835;
 -63.822063, -26.548161, -58.364281, -25.689932, -65.393791, 44.590179, 42.491478, 62.121593, 60.103935;
 391.55118, 393.28128, 403.67184, 422.40677, 430.17673, 387.33942, 393.93478, 395.45395, 401.91577;
 1, 1, 1, 1, 1, 1, 1, 1, 1]
[-73.788788, -59.96508, -10.253174, 37.553612, 52.706738, -8.432189, 9.0772123, -9.4857836, 7.936161;
 -63.822063, -26.548161, -58.301693, -25.555416, -65.393791, 44.371006, 42.271904, 62.064022, 59.930294;
 391.55118, 393.28128, 404.06284, 422.0509, 430.17673, 387.34067, 393.93597, 395.83527, 402.29086;
 1, 1, 1, 1, 1, 1, 1, 1, 1]
[-73.592163, -59.765499, -10.029606, 37.623371, 52.947376, -8.2134752, 9.3074894, -9.2630873, 8.162138;
 -63.956451, -26.552212, -58.529995, -25.707123, -65.381744, 44.263569, 42.305859, 61.89978, 59.704685;
 391.7037, 393.4169, 404.14508, 422.80991, 430.17941, 387.42584, 394.3598, 395.53778, 402.35455;
 1, 1, 1, 1, 1, 1, 1, 1, 1]
[-73.32785, -59.499912, -9.7957697, 37.862503, 52.993576, -8.0022116, 9.5296574, -9.0382595, 8.3809013;
 -63.784019, -26.420052, -58.251858, -25.47431, -65.43351, 44.373882, 42.30497, 62.013775, 59.876957;
 391.42712, 393.13672, 403.83398, 422.83221, 430.55728, 387.50586, 394.42255, 395.62177, 402.04196;
 1, 1, 1, 1, 1, 1, 1, 1, 1]
[-73.248375, -59.499664, -9.7955475, 37.826252, 52.948112, -7.7755127, 9.5335999, -8.8157091, 8.5992069;
 -63.489395, -26.189489, -58.024368, -25.343569, -65.151588, 44.44788, 42.413815, 62.073032, 59.82526;
 391.00259, 393.13495, 403.8327, 422.45245, 430.17877, 387.22485, 394.42352, 395.32327, 401.73099;
 1, 1, 1, 1, 1, 1, 1, 1, 1]
[-73.518394, -59.699203, -10.019216, 37.792374, 52.901974, -7.9981208, 9.5250235, -9.0347223, 8.3754578;
 -63.539627, -26.185524, -58.023769, -25.323036, -65.100075, 44.484161, 42.378941, 62.071404, 59.990005;
 391.2757, 392.99954, 403.75195, 422.07358, 429.80145, 387.50705, 394.06281, 395.24118, 402.03937;
 1, 1, 1, 1, 1, 1, 1, 1, 1]
[-73.248375, -59.436646, -9.785614, 37.792706, 52.948849, -7.7751999, 9.734602, -8.8067026, 8.5993204;
 -63.257629, -25.933968, -57.746323, -25.094271, -64.921432, 44.666893, 42.673294, 62.242729, 60.048923;
 391.00055, 392.71887, 403.44156, 422.07275, 430.1781, 387.22357, 393.76196, 394.94498, 401.72983;
 1, 1, 1, 1, 1, 1, 1, 1, 1]
[-72.978729, -59.174465, -9.5523663, 38.03146, 53.143864, -7.5564442, 9.7434874, -8.5817585, 8.8175039;
 -62.976078, -25.682806, -57.469345, -24.861959, -64.628204, 44.958069, 42.927952, 62.579605, 60.444038;
 390.72589, 392.43857, 403.13171, 422.09509, 429.8028, 386.93808, 394.12094, 395.02734, 401.41699;
 1, 1, 1, 1, 1, 1, 1, 1, 1]
[-72.97274, -59.177078, -9.3196945, 38.238262, 53.384262, -7.5595579, 9.9606104, -8.5872087, 8.8254051;
 -62.86607, -25.563086, -57.419727, -24.719648, -64.616226, 45.106293, 43.000389, 62.69062, 60.494579;
 390.72662, 392.43747, 402.82358, 421.73965, 429.80515, 387.30313, 393.82419, 395.02435, 401.7894;
 1, 1, 1, 1, 1, 1, 1, 1, 1]
[-72.709457, -58.912907, -9.3289366, 38.269894, 53.384262, -7.341536, 10.178561, -8.3599577, 9.0432234;
 -62.926353, -25.662016, -57.469887, -24.8584, -64.616226, 44.959446, 42.890781, 62.638298, 60.442368;
 390.45355, 392.16043, 403.21204, 422.11807, 429.80515, 387.0199, 393.88538, 394.72971, 401.47876;
 1, 1, 1, 1, 1, 1, 1, 1, 1]
[-72.703461, -58.977898, -9.0966129, 38.476189, 53.577248, -7.341536, 10.178561, -8.3627748, 9.0432234;
 -63.047825, -25.797144, -57.647163, -24.944572, -64.782928, 44.959446, 42.890781, 62.581169, 60.442368;
 390.4563, 392.5741, 402.905, 421.76337, 429.43167, 387.0199, 393.88538, 395.10901, 401.47876;
 1, 1, 1, 1, 1, 1, 1, 1, 1]
[-72.434578, -58.71349, -8.8641939, 38.71442, 53.824009, -6.9045119, 10.391345, -8.1353273, 9.269104;
 -62.998058, -25.665869, -57.370705, -24.94096, -64.649902, 45.142815, 43.073799, 62.751869, 60.664116;
 390.18436, 392.29504, 402.59589, 421.78592, 429.43375, 386.81848, 393.58679, 394.8129, 401.53915;
 1, 1, 1, 1, 1, 1, 1, 1, 1]
[-71.975601, -58.255386, -8.4175386, 38.952965, 54.105259, -6.6892471, 10.835261, -7.6970072, 9.7177753;
 -62.729401, -25.529411, -57.371605, -24.708895, -64.580078, 45.362801, 43.290936, 62.977806, 60.720413;
 390.05878, 392.15005, 402.75504, 421.80734, 429.81049, 386.89844, 393.70892, 394.97385, 401.29132;
 1, 1, 1, 1, 1, 1, 1, 1, 1]
[-71.784927, -57.79208, -8.1938324, 39.42717, 54.544968, -6.2487965, 11.061279, -7.4720426, 9.9468966;
 -62.741447, -25.402239, -57.145287, -24.591946, -64.38401, 45.436913, 43.398315, 63.09119, 60.882175;
 390.2066, 392.00519, 402.83295, 421.85065, 429.43738, 386.69888, 393.77112, 395.0563, 401.72101;
 1, 1, 1, 1, 1, 1, 1, 1, 1]
[-71.510864, -57.791821, -8.1938324, 39.429737, 54.539135, -6.2545242, 11.283452, -7.4849873, 9.9469795;
 -62.58215, -25.172537, -57.145287, -24.473269, -64.275467, 45.69392, 43.616364, 63.256512, 61.10561;
 389.93561, 392.00348, 402.83295, 421.85022, 429.43668, 387.06006, 393.83096, 395.42944, 401.71985;
 1, 1, 1, 1, 1, 1, 1, 1, 1]
[-71.594048, -57.852856, -8.2019663, 39.429737, 54.586514, -6.2579064, 11.283811, -7.2574348, 10.178868;
 -62.753445, -25.426582, -57.195084, -24.473269, -64.326096, 46.240063, 44.273842, 63.872528, 61.661018;
 390.35425, 392.41705, 403.22049, 421.85022, 429.81204, 387.05508, 393.82751, 395.13004, 401.77945;
 1, 1, 1, 1, 1, 1, 1, 1, 1]
[-71.588089, -57.79208, -8.2019663, 39.429737, 54.586514, -6.0340862, 11.500941, -7.0284476, 10.387147;
 -62.643551, -25.402239, -57.195084, -24.473269, -64.326096, 48.387287, 46.315567, 65.824211, 63.563858;
 390.35498, 392.00519, 403.22049, 421.85022, 429.81204, 386.76068, 393.52069, 394.82361, 401.08737;
 1, 1, 1, 1, 1, 1, 1, 1, 1]
[-71.862511, -57.791821, -8.188158, 39.226513, 54.5457, -5.8057899, 11.702804, -6.8004122, 10.603937;
 -62.571728, -25.172537, -57.031876, -24.496632, -64.154503, 49.834057, 47.768959, 67.3274, 65.068962;
 390.62466, 392.00348, 402.83334, 422.20578, 429.43677, 386.10931, 392.85834, 394.52014, 400.76941;
 1, 1, 1, 1, 1, 1, 1, 1, 1]
[-72.053413, -58.252262, -8.6490202, 38.988087, 54.106007, -5.562356, 11.878386, -6.7707896, 10.576317;
 -62.559731, -25.189203, -56.967377, -24.500233, -64.350304, 51.516647, 49.465355, 68.872108, 66.685402;
 390.47675, 392.14767, 403.06067, 422.18399, 429.80988, 384.74164, 391.48416, 393.01675, 399.65338;
 1, 1, 1, 1, 1, 1, 1, 1, 1]
